go 55 1877076 194 0.03 512 1 http 2 62869.898
go 55 1877076 194 0.03 512 6 http 0 22735.455
go 55 1877076 80 0 0 6 http 0 2668.116
stackoverflow 24 600434 80 0 512 18 http 1 1374.72
stackoverflow 24 600434 194 0.03 2048 18 http 3 11122.724
theguardian 228 3147398 20 0.03 2048 6 http 0 4107.371
go 55 1877076 80 0.03 512 1 http 3 24882.389
theguardian 228 3147398 80 0.015 2048 1 http 4 40097.178
theguardian 228 3147398 194 0.03 2048 1 http 2 134563.779
theguardian 228 3147398 194 0 2048 18 http 2 5785.592
theguardian 228 3147398 80 0.015 0 18 http 4 5465.743
theguardian 228 3147398 80 0.015 512 18 http 2 7264.116
theguardian 228 3147398 194 0 512 6 http 4 10362.001
theguardian 228 3147398 80 0.03 512 6 http 4 14783.894
go 55 1877076 80 0.015 512 18 http 3 4184.76
go 55 1877076 194 0 2048 18 http 3 3745.014
theguardian 228 3147398 80 0.03 2048 6 http 3 13411.491
stackoverflow 24 600434 20 0 512 1 http 1 1108.724
theguardian 228 3147398 80 0.03 512 1 http 3 61146.29
go 55 1877076 194 0.015 2048 18 http 3 10497.441
theguardian 228 3147398 20 0.015 0 1 http 2 14927.896
go 55 1877076 194 0 2048 6 http 4 4549.083
stackoverflow 24 600434 80 0 0 1 http 4 3654.485
go 55 1877076 194 0.015 2048 1 http 4 49967.723
stackoverflow 24 600434 20 0.03 2048 1 http 2 2400.238
stackoverflow 24 600434 194 0.03 0 1 http 2 17575.255
stackoverflow 24 600434 80 0 512 18 http 3 1377.528
theguardian 228 3147398 194 0.015 512 6 http 1 24811.389
stackoverflow 24 600434 194 0 0 1 http 3 9023.082
theguardian 228 3147398 80 0.015 512 1 http 3 43018.246
theguardian 228 3147398 80 0 512 6 http 3 4513.966
theguardian 228 3147398 80 0.03 2048 1 http 1 56970.139
stackoverflow 24 600434 80 0.03 512 1 http 1 7035.633
go 55 1877076 80 0.015 0 1 http 3 19295.004
go 55 1877076 80 0.015 512 18 http 1 4627.505
theguardian 228 3147398 20 0.015 0 18 http 0 1821.666
go 55 1877076 20 0 0 1 http 3 1495.741
stackoverflow 24 600434 194 0.015 0 18 http 3 7182.467
theguardian 228 3147398 20 0.015 2048 6 http 3 3189.805
stackoverflow 24 600434 80 0.03 0 1 http 1 9737.021
go 55 1877076 194 0.03 0 18 http 2 11725.529
stackoverflow 24 600434 80 0.03 2048 1 http 2 9563.608
go 55 1877076 80 0 0 1 http 4 8148.412
stackoverflow 24 600434 80 0 0 18 http 4 1454.277
go 55 1877076 194 0.015 512 18 http 1 8945.177
theguardian 228 3147398 20 0.015 0 18 http 4 2234.759
go 55 1877076 80 0 0 1 http 2 8291.609
go 55 1877076 20 0.03 512 18 http 2 2368.941
go 55 1877076 80 0.03 2048 18 http 2 7700.201
go 55 1877076 20 0.03 0 1 http 3 8651.968
theguardian 228 3147398 80 0.015 2048 6 http 1 7964.374
theguardian 228 3147398 194 0.015 0 1 http 0 92873.538
theguardian 228 3147398 20 0.015 0 1 http 0 15774.453
theguardian 228 3147398 20 0 0 1 http 1 5204.218
theguardian 228 3147398 194 0.015 0 1 http 3 104194.117
stackoverflow 24 600434 80 0 2048 18 http 2 1298.911
go 55 1877076 80 0.03 2048 1 http 2 24273.908
go 55 1877076 20 0 2048 1 http 1 1495.35
theguardian 228 3147398 20 0.03 2048 6 http 2 4808.224
go 55 1877076 80 0.015 0 1 http 1 15554.17
go 55 1877076 20 0.03 512 6 http 3 2563.71
theguardian 228 3147398 20 0 512 6 http 3 1172.53
theguardian 228 3147398 20 0.03 0 1 http 3 22109.599
theguardian 228 3147398 80 0.03 0 18 http 2 7915.996
theguardian 228 3147398 194 0.015 2048 1 http 2 97851.972
stackoverflow 24 600434 194 0.03 2048 18 http 2 11161.717
theguardian 228 3147398 20 0.03 512 18 http 2 1801.084
go 55 1877076 194 0.015 0 1 http 0 44895.508
stackoverflow 24 600434 20 0 0 18 http 0 343.774
theguardian 228 3147398 80 0 512 6 http 0 4366.659
go 55 1877076 194 0.03 2048 6 http 3 20078.412
go 55 1877076 80 0.015 0 1 http 0 15925.753
theguardian 228 3147398 194 0.03 2048 18 http 4 26071.84
go 55 1877076 194 0 512 1 http 2 17875.417
go 55 1877076 80 0 0 18 http 3 1834.856
theguardian 228 3147398 80 0 2048 1 http 2 21345.756
go 55 1877076 20 0.03 512 6 http 0 1932.649
theguardian 228 3147398 20 0.015 512 18 http 0 1598.587
go 55 1877076 80 0.015 512 1 http 3 21964.45
theguardian 228 3147398 20 0.03 512 18 http 3 2573.965
go 55 1877076 194 0.015 512 18 http 3 8982.083
go 55 1877076 20 0.015 0 18 http 2 1265.917
go 55 1877076 194 0.03 2048 1 http 2 56123.501
theguardian 228 3147398 80 0.03 512 1 http 2 62088.708
theguardian 228 3147398 194 0 0 18 http 3 5920.212
go 55 1877076 20 0 2048 1 http 3 1485.762
go 55 1877076 20 0.015 0 1 http 1 5790.215
go 55 1877076 20 0 0 6 http 4 517.206
stackoverflow 24 600434 80 0 0 6 http 1 1570.546
go 55 1877076 194 0 2048 6 http 0 4703.734
theguardian 228 3147398 80 0.03 2048 18 http 1 7989.584
go 55 1877076 20 0.03 0 1 http 4 9358.715
theguardian 228 3147398 80 0 2048 1 http 3 21224.81
theguardian 228 3147398 194 0 0 1 http 0 52234.928
theguardian 228 3147398 20 0 0 18 http 0 735.591
theguardian 228 3147398 20 0 0 18 http 2 675.49
go 55 1877076 80 0.015 2048 18 http 2 5747.667
go 55 1877076 80 0.015 0 1 http 2 17703.118
go 55 1877076 194 0 2048 18 http 2 3905.192
theguardian 228 3147398 80 0.015 2048 6 http 4 9381.108
stackoverflow 24 600434 80 0.03 2048 1 http 1 9533.497
go 55 1877076 80 0.015 0 18 http 4 4960.489
go 55 1877076 194 0.03 0 1 http 4 66649.263
go 55 1877076 194 0.03 2048 18 http 3 12639.536
theguardian 228 3147398 194 0.015 2048 18 http 3 15088.024
theguardian 228 3147398 194 0.015 512 18 http 0 16040.218
theguardian 228 3147398 80 0.015 512 6 http 3 10023.837
stackoverflow 24 600434 80 0.03 0 6 http 2 4658.732
theguardian 228 3147398 80 0.015 0 18 http 3 6608.785
stackoverflow 24 600434 80 0.03 512 1 http 0 8646.921
stackoverflow 24 600434 20 0.03 512 1 http 1 2967.847
go 55 1877076 20 0 2048 18 http 2 511.119
theguardian 228 3147398 194 0.015 2048 18 http 2 14649.701
stackoverflow 24 600434 20 0.03 512 6 http 0 1217.028
stackoverflow 24 600434 80 0.015 512 6 http 1 3814.769
stackoverflow 24 600434 194 0.015 512 18 http 1 9345.473
stackoverflow 24 600434 20 0.03 2048 6 http 2 1930.769
stackoverflow 24 600434 20 0.015 2048 6 http 3 1007.412
go 55 1877076 194 0 512 1 http 0 17803.234
go 55 1877076 194 0 512 6 http 3 4722.192
go 55 1877076 20 0 0 18 http 2 516.378
theguardian 228 3147398 80 0.015 512 18 http 0 6053.564
stackoverflow 24 600434 20 0.03 512 6 http 4 1686.042
go 55 1877076 194 0.015 2048 6 http 4 12350.287
stackoverflow 24 600434 80 0 0 6 http 0 1534.917
theguardian 228 3147398 80 0.015 2048 18 http 0 10402.271
go 55 1877076 194 0.015 0 6 http 1 14643.461
stackoverflow 24 600434 194 0.015 2048 18 http 4 8162.101
stackoverflow 24 600434 194 0 2048 18 http 2 2934.896
theguardian 228 3147398 80 0 2048 18 http 3 2486.119
stackoverflow 24 600434 20 0 2048 18 http 3 338.437
stackoverflow 24 600434 20 0 512 6 http 2 436.08
theguardian 228 3147398 20 0.015 0 18 http 3 1810.954
theguardian 228 3147398 194 0.03 0 1 http 2 127964.516
theguardian 228 3147398 20 0.03 2048 1 http 3 21173.067
go 55 1877076 80 0 0 18 http 4 1752.885
theguardian 228 3147398 194 0.03 2048 1 http 4 143942.366
theguardian 228 3147398 194 0.03 0 18 http 2 20810.876
go 55 1877076 194 0 0 6 http 1 5660.071
stackoverflow 24 600434 80 0 512 6 http 0 1567.478
stackoverflow 24 600434 80 0 2048 18 http 3 1379.918
theguardian 228 3147398 194 0 512 18 http 2 5764.023
go 55 1877076 20 0.015 0 18 http 1 1935.187
stackoverflow 24 600434 194 0.015 512 18 http 2 8165.615
stackoverflow 24 600434 194 0.015 0 18 http 2 6600.745
stackoverflow 24 600434 20 0.015 2048 6 http 4 610.886
theguardian 228 3147398 194 0.015 0 6 http 3 21417.064
stackoverflow 24 600434 80 0.015 0 6 http 4 3184.974
stackoverflow 24 600434 20 0 2048 6 http 4 374.129
theguardian 228 3147398 194 0 0 6 http 1 11118.701
theguardian 228 3147398 20 0 2048 18 http 4 819.152
stackoverflow 24 600434 20 0 0 1 http 4 652.49
go 55 1877076 20 0 0 18 http 3 471.205
stackoverflow 24 600434 20 0.03 2048 1 http 4 2744.58
theguardian 228 3147398 80 0.03 512 18 http 2 8999.223
stackoverflow 24 600434 20 0.03 0 6 http 4 1311.297
theguardian 228 3147398 194 0.03 0 18 http 1 24003.898
theguardian 228 3147398 80 0 512 1 http 1 21473.905
theguardian 228 3147398 80 0 512 18 http 4 2507.636
theguardian 228 3147398 20 0 2048 6 http 0 1160.502
theguardian 228 3147398 20 0.015 0 1 http 3 14444.123
stackoverflow 24 600434 194 0 512 1 http 0 7987.804
theguardian 228 3147398 80 0.03 2048 6 http 4 12916.683
theguardian 228 3147398 80 0.03 0 18 http 1 9352.024
theguardian 228 3147398 194 0.03 512 6 http 0 32809.128
go 55 1877076 194 0 0 6 http 2 5736.288
go 55 1877076 194 0.03 0 1 http 3 52907.654
stackoverflow 24 600434 20 0.03 2048 6 http 3 2399.067
theguardian 228 3147398 80 0.03 0 6 http 0 15481.219
stackoverflow 24 600434 80 0.03 512 18 http 1 2601.61
go 55 1877076 80 0 512 18 http 2 1672.087
stackoverflow 24 600434 194 0 2048 6 http 4 3705.05
theguardian 228 3147398 80 0.015 0 6 http 3 10703.421
stackoverflow 24 600434 80 0.015 512 6 http 3 2966.287
go 55 1877076 20 0.015 0 18 http 0 1495.07
theguardian 228 3147398 20 0.03 512 18 http 0 2461.96
theguardian 228 3147398 20 0.015 512 1 http 0 12591.839
go 55 1877076 80 0 512 18 http 4 1734.434
stackoverflow 24 600434 20 0.03 0 6 http 3 1966.36
stackoverflow 24 600434 20 0.03 0 1 http 0 2352.318
stackoverflow 24 600434 80 0 0 6 http 4 1650.213
theguardian 228 3147398 80 0.015 2048 6 http 3 10662.545
go 55 1877076 20 0.03 0 18 http 0 1508.095
theguardian 228 3147398 80 0.03 512 6 http 1 15980.91
go 55 1877076 194 0 512 1 http 1 17843.89
go 55 1877076 80 0.03 2048 1 http 0 27910.961
stackoverflow 24 600434 80 0.03 0 18 http 3 3401.091
stackoverflow 24 600434 194 0 0 18 http 1 3124.027
go 55 1877076 80 0 2048 6 http 3 2034.514
theguardian 228 3147398 194 0 2048 1 http 3 57623.524
stackoverflow 24 600434 194 0.03 2048 6 http 4 8957.86
stackoverflow 24 600434 194 0.03 0 1 http 3 19120.881
stackoverflow 24 600434 20 0 0 18 http 4 301.922
theguardian 228 3147398 194 0.015 0 18 http 3 12664.894
stackoverflow 24 600434 80 0.015 0 18 http 1 2726.462
stackoverflow 24 600434 194 0 0 1 http 0 8963.931
go 55 1877076 20 0 512 18 http 1 509.84
go 55 1877076 194 0.03 0 1 http 2 59555.736
stackoverflow 24 600434 80 0.03 512 18 http 4 3976.654
go 55 1877076 20 0 512 18 http 4 510.85
theguardian 228 3147398 80 0 512 18 http 0 2367.859
go 55 1877076 20 0.015 2048 1 http 0 6428.246
stackoverflow 24 600434 20 0.015 2048 1 http 4 1718.324
stackoverflow 24 600434 80 0.015 0 18 http 0 3451.862
stackoverflow 24 600434 20 0.03 0 6 http 1 1190.81
go 55 1877076 80 0 2048 18 http 0 1579.808
go 55 1877076 80 0 0 18 http 0 1656.561
theguardian 228 3147398 194 0 512 6 http 0 10523.662
stackoverflow 24 600434 194 0 0 6 http 3 3311.799
theguardian 228 3147398 80 0.03 512 1 http 4 53503.958
go 55 1877076 194 0.015 0 6 http 4 14483.762
stackoverflow 24 600434 20 0.015 0 1 http 1 2414.063
theguardian 228 3147398 20 0.03 0 18 http 1 3043.043
stackoverflow 24 600434 20 0.03 512 18 http 2 1876.474
theguardian 228 3147398 80 0.03 512 18 http 1 5899.749
stackoverflow 24 600434 80 0 2048 18 http 4 1382.986
theguardian 228 3147398 80 0 512 18 http 1 2426.873
stackoverflow 24 600434 20 0.015 0 1 http 3 2643.28
go 55 1877076 80 0 512 6 http 3 2186.798
theguardian 228 3147398 194 0 0 18 http 4 5751.796
go 55 1877076 194 0 512 18 http 4 3986.799
theguardian 228 3147398 194 0 512 18 http 4 5749.124
theguardian 228 3147398 194 0 0 6 http 0 10754.135
stackoverflow 24 600434 80 0 0 1 http 2 3641.267
theguardian 228 3147398 194 0 512 1 http 1 50220.524
theguardian 228 3147398 80 0.03 2048 1 http 2 59094.512
theguardian 228 3147398 20 0 0 1 http 3 5759.274
go 55 1877076 80 0.015 0 6 http 1 5824.259
go 55 1877076 20 0.015 2048 6 http 1 1952.141
go 55 1877076 20 0.03 512 6 http 2 2722.815
go 55 1877076 20 0.015 2048 6 http 0 1446.809
stackoverflow 24 600434 20 0.015 0 18 http 4 873.464
go 55 1877076 194 0.015 0 1 http 3 54492.752
stackoverflow 24 600434 194 0 512 18 http 4 3314.681
stackoverflow 24 600434 20 0.03 512 1 http 2 3285.479
go 55 1877076 20 0 512 18 http 2 474.697
theguardian 228 3147398 194 0.015 512 1 http 1 96156.073
go 55 1877076 20 0.015 512 18 http 1 2126.264
stackoverflow 24 600434 20 0 2048 6 http 3 363.185
stackoverflow 24 600434 80 0.015 0 6 http 1 3319.976
go 55 1877076 80 0 512 18 http 1 1803.825
go 55 1877076 194 0 512 1 http 4 17910.375
go 55 1877076 20 0.015 512 1 http 4 5851.368
go 55 1877076 20 0.03 0 18 http 3 2486.547
go 55 1877076 194 0 0 6 http 0 6096.154
stackoverflow 24 600434 20 0.015 0 1 http 4 2426.48
stackoverflow 24 600434 80 0.015 512 18 http 1 2526.599
theguardian 228 3147398 80 0.03 512 18 http 4 6111.383
stackoverflow 24 600434 80 0.03 512 1 http 4 8635.944
theguardian 228 3147398 194 0.03 2048 6 http 1 32443.215
go 55 1877076 194 0.03 512 18 http 0 13264.42
go 55 1877076 20 0.03 2048 1 http 3 8843.296
stackoverflow 24 600434 80 0 0 6 http 2 1605.902
theguardian 228 3147398 80 0 2048 18 http 0 2447.529
theguardian 228 3147398 194 0 2048 6 http 2 10184.165
theguardian 228 3147398 80 0.015 0 18 http 1 6303.069
theguardian 228 3147398 20 0 512 6 http 4 1219.383
theguardian 228 3147398 194 0.015 0 6 http 4 22467.37
stackoverflow 24 600434 20 0.015 512 1 http 0 2318.561
go 55 1877076 194 0 2048 6 http 3 4520.081
stackoverflow 24 600434 20 0.03 2048 6 http 4 1899.731
stackoverflow 24 600434 20 0 2048 18 http 0 369.86
theguardian 228 3147398 80 0.03 2048 6 http 0 12964.942
theguardian 228 3147398 20 0.015 512 18 http 2 1814.701
go 55 1877076 80 0.03 512 6 http 4 7729.613
go 55 1877076 194 0.015 0 18 http 0 11893.431
theguardian 228 3147398 80 0 0 1 http 4 21215.291
go 55 1877076 20 0 2048 1 http 4 1487.639
stackoverflow 24 600434 194 0.015 512 6 http 0 5868.283
stackoverflow 24 600434 80 0 512 6 http 3 1293.709
stackoverflow 24 600434 194 0.03 512 18 http 1 9553.199
stackoverflow 24 600434 194 0.015 0 1 http 2 10528.364
theguardian 228 3147398 20 0.03 512 1 http 2 15679.596
stackoverflow 24 600434 20 0.03 0 18 http 0 1246.873
stackoverflow 24 600434 80 0 0 1 http 1 3659.613
stackoverflow 24 600434 194 0.015 512 1 http 3 13910.525
stackoverflow 24 600434 20 0 512 18 http 4 340.31
stackoverflow 24 600434 80 0.015 0 6 http 3 2889.591
stackoverflow 24 600434 80 0.015 0 18 http 3 2811.899
theguardian 228 3147398 80 0.015 0 1 http 1 41898.071
stackoverflow 24 600434 80 0.03 512 6 http 2 4329.744
stackoverflow 24 600434 80 0 0 18 http 1 1448.607
go 55 1877076 20 0.015 512 18 http 3 1698.944
go 55 1877076 20 0.03 2048 18 http 3 2023.214
theguardian 228 3147398 194 0 512 18 http 1 5747.817
go 55 1877076 194 0.03 0 6 http 0 23332.382
theguardian 228 3147398 194 0 512 6 http 1 10387.254
stackoverflow 24 600434 80 0.015 0 1 http 1 10430.891
theguardian 228 3147398 80 0.015 2048 1 http 2 41598.567
theguardian 228 3147398 194 0.015 0 18 http 0 16217.058
go 55 1877076 20 0.015 2048 18 http 0 1303.371
stackoverflow 24 600434 194 0.03 2048 6 http 0 14201.526
theguardian 228 3147398 20 0.03 2048 18 http 4 2771.946
go 55 1877076 194 0 2048 1 http 4 17758.635
theguardian 228 3147398 80 0.03 0 1 http 0 52908.926
go 55 1877076 194 0.03 2048 1 http 4 64915.876
theguardian 228 3147398 80 0.03 512 6 http 3 13461.6
stackoverflow 24 600434 20 0 2048 18 http 1 314.641
stackoverflow 24 600434 20 0.015 2048 1 http 0 1321.641
go 55 1877076 194 0.015 0 1 http 1 48128.623
theguardian 228 3147398 80 0 0 1 http 2 24538.382
stackoverflow 24 600434 194 0.015 2048 1 http 0 15166.579
stackoverflow 24 600434 80 0.015 512 1 http 4 7621.909
stackoverflow 24 600434 80 0.015 2048 6 http 3 5299.102
stackoverflow 24 600434 194 0.015 0 1 http 0 11300.884
stackoverflow 24 600434 80 0.03 2048 6 http 0 4265.516
theguardian 228 3147398 20 0 512 1 http 3 5811.83
go 55 1877076 80 0.03 0 6 http 0 7251.673
theguardian 228 3147398 20 0.015 2048 18 http 2 2242.683
go 55 1877076 194 0 512 1 http 3 17723.618
go 55 1877076 194 0.015 512 6 http 2 15335.771
stackoverflow 24 600434 20 0.03 2048 18 http 2 1361.303
stackoverflow 24 600434 80 0.015 0 1 http 2 6268.598
go 55 1877076 20 0 512 1 http 2 1439.234
theguardian 228 3147398 194 0.03 0 6 http 3 24399.833
stackoverflow 24 600434 20 0 512 1 http 3 650.754
go 55 1877076 194 0.03 2048 1 http 0 60329.867
theguardian 228 3147398 20 0 0 1 http 4 5126.343
go 55 1877076 194 0.015 512 18 http 2 10733.064
go 55 1877076 20 0.03 2048 6 http 3 2928.986
go 55 1877076 20 0.015 2048 6 http 3 1427.903
theguardian 228 3147398 20 0.015 2048 18 http 1 2398.571
stackoverflow 24 600434 20 0.015 512 18 http 3 761.936
stackoverflow 24 600434 80 0 0 18 http 0 1455.486
theguardian 228 3147398 80 0.015 512 1 http 0 41288.237
go 55 1877076 194 0.015 512 6 http 3 12641.049
go 55 1877076 20 0.015 512 6 http 0 2084.852
stackoverflow 24 600434 80 0 2048 1 http 3 3349.23
theguardian 228 3147398 20 0 0 6 http 0 1159.845
theguardian 228 3147398 80 0 0 6 http 2 4637.737
go 55 1877076 80 0.015 512 18 http 0 4346.536
theguardian 228 3147398 194 0 0 1 http 2 53714.457
stackoverflow 24 600434 194 0.015 0 18 http 4 6675.119
go 55 1877076 20 0.015 0 6 http 0 1567.785
theguardian 228 3147398 20 0.015 2048 6 http 1 3032.311
theguardian 228 3147398 80 0.03 512 6 http 2 16294.881
go 55 1877076 80 0 512 18 http 0 1813.35
go 55 1877076 20 0.03 512 1 http 3 6791.701
go 55 1877076 194 0.03 512 18 http 3 13649.108
stackoverflow 24 600434 80 0.03 512 18 http 2 4789.047
theguardian 228 3147398 80 0 2048 1 http 0 21153.934
stackoverflow 24 600434 194 0.015 512 18 http 0 7786.008
go 55 1877076 20 0 0 18 http 1 488.889
go 55 1877076 194 0.03 0 1 http 1 61703.363
stackoverflow 24 600434 80 0.03 512 6 http 1 3807.626
go 55 1877076 20 0 512 6 http 0 547.652
stackoverflow 24 600434 20 0 2048 6 http 2 413.557
stackoverflow 24 600434 20 0.03 512 18 http 1 1229.351
theguardian 228 3147398 80 0 2048 18 http 1 2467.568
stackoverflow 24 600434 80 0.015 0 18 http 2 2563.501
go 55 1877076 194 0 0 18 http 3 3977.02
go 55 1877076 194 0.03 2048 18 http 1 16376.925
theguardian 228 3147398 194 0.015 2048 1 http 1 103305.442
go 55 1877076 20 0.03 2048 6 http 2 2016.33
stackoverflow 24 600434 20 0.03 512 6 http 1 1572.386
go 55 1877076 80 0.015 0 6 http 4 5777.751
go 55 1877076 194 0.015 512 18 http 4 12454.176
go 55 1877076 194 0.03 0 1 http 0 51911.819
go 55 1877076 80 0.015 512 6 http 1 6295.441
stackoverflow 24 600434 80 0.015 2048 18 http 4 2955.353
theguardian 228 3147398 194 0.03 0 18 http 3 24094.99
theguardian 228 3147398 194 0.03 0 1 http 1 134975.879
stackoverflow 24 600434 20 0 512 6 http 1 397.297
theguardian 228 3147398 80 0 0 6 http 1 4675.631
go 55 1877076 194 0 512 18 http 3 3774.29
stackoverflow 24 600434 194 0.03 512 6 http 4 8558.315
go 55 1877076 80 0.03 512 1 http 4 26919.232
theguardian 228 3147398 194 0.015 0 18 http 1 17597.036
theguardian 228 3147398 194 0.03 512 1 http 3 137091.893
theguardian 228 3147398 194 0.03 512 6 http 2 31247.593
go 55 1877076 80 0 2048 18 http 3 1628.298
go 55 1877076 80 0.03 512 18 http 3 5570.802
go 55 1877076 80 0.015 2048 1 http 3 19499.037
theguardian 228 3147398 80 0.015 0 1 http 0 43519.314
theguardian 228 3147398 80 0.015 512 18 http 3 6368.13
go 55 1877076 20 0.03 512 6 http 1 1812.833
stackoverflow 24 600434 20 0.03 0 1 http 2 2367.391
go 55 1877076 20 0 2048 18 http 3 490.82
go 55 1877076 20 0 2048 6 http 0 534.121
go 55 1877076 20 0.03 512 1 http 4 8425.405
stackoverflow 24 600434 194 0 512 6 http 3 3736.977
go 55 1877076 80 0.015 0 18 http 3 5551.776
stackoverflow 24 600434 20 0.015 512 1 http 4 1476.525
theguardian 228 3147398 194 0.015 0 6 http 0 27907.282
stackoverflow 24 600434 194 0.03 0 6 http 3 10671.822
stackoverflow 24 600434 194 0 512 1 http 1 7777.173
theguardian 228 3147398 20 0.03 2048 18 http 3 2430.005
go 55 1877076 194 0.015 0 18 http 4 10495.357
go 55 1877076 20 0 0 1 http 4 1473.976
stackoverflow 24 600434 194 0.015 0 1 http 4 14884.684
go 55 1877076 194 0 0 1 http 2 19779.25
theguardian 228 3147398 80 0.03 0 1 http 3 55770.445
go 55 1877076 194 0.03 512 1 http 0 61030.659
go 55 1877076 20 0.015 2048 1 http 4 4854.108
stackoverflow 24 600434 20 0.015 2048 1 http 2 1632.536
theguardian 228 3147398 20 0.015 0 1 http 4 13502.666
go 55 1877076 80 0 512 1 http 0 8044.514
go 55 1877076 20 0.03 2048 18 http 0 2294.271
go 55 1877076 80 0 2048 6 http 0 2086.191
stackoverflow 24 600434 194 0 2048 18 http 4 3126.175
theguardian 228 3147398 20 0.03 0 18 http 0 2337.005
go 55 1877076 194 0.015 2048 6 http 0 16034.048
theguardian 228 3147398 194 0 2048 1 http 2 50480.917
stackoverflow 24 600434 194 0 0 1 http 1 8985.071
stackoverflow 24 600434 20 0.03 512 1 http 0 2374.296
theguardian 228 3147398 20 0 2048 1 http 3 5166.692
theguardian 228 3147398 20 0.015 512 18 http 1 2084.413
theguardian 228 3147398 20 0.03 0 6 http 1 3433.743
stackoverflow 24 600434 80 0.015 2048 6 http 1 3286.284
stackoverflow 24 600434 194 0.03 0 1 http 4 19488.189
go 55 1877076 80 0.03 2048 6 http 0 8126.759
theguardian 228 3147398 20 0.015 0 6 http 1 4245.526
theguardian 228 3147398 20 0 512 18 http 0 786.705
theguardian 228 3147398 80 0.015 2048 6 http 0 9379.084
go 55 1877076 80 0.03 0 6 http 2 10669.771
stackoverflow 24 600434 20 0 0 1 http 2 648.379
stackoverflow 24 600434 20 0.03 512 1 http 3 4176.235
theguardian 228 3147398 194 0.015 512 6 http 3 22779.021
go 55 1877076 20 0.015 0 6 http 3 1563.407
stackoverflow 24 600434 194 0.03 512 18 http 0 13761.249
theguardian 228 3147398 80 0 2048 1 http 4 21152.568
stackoverflow 24 600434 20 0 2048 6 http 0 432.481
theguardian 228 3147398 194 0.03 2048 18 http 0 15125.266
go 55 1877076 20 0.03 0 6 http 4 3141.145
theguardian 228 3147398 20 0.015 2048 18 http 0 1655.569
go 55 1877076 80 0.03 2048 6 http 4 8051.992
go 55 1877076 20 0.03 0 18 http 2 2488.701
theguardian 228 3147398 20 0.03 512 6 http 3 4224.908
go 55 1877076 80 0 0 6 http 1 2711.065
go 55 1877076 80 0 512 1 http 3 7942.654
stackoverflow 24 600434 80 0 512 6 http 1 1470.709
theguardian 228 3147398 194 0.015 512 1 http 0 113645.39
stackoverflow 24 600434 80 0.015 0 1 http 3 5985.373
theguardian 228 3147398 80 0 512 6 http 4 4431.219
theguardian 228 3147398 80 0.015 2048 18 http 4 6274.964
theguardian 228 3147398 20 0.015 512 6 http 4 2800.959
theguardian 228 3147398 194 0 512 6 http 3 10402.523
stackoverflow 24 600434 80 0.03 2048 1 http 0 8020.932
go 55 1877076 20 0.03 2048 1 http 2 10520.873
go 55 1877076 194 0.03 0 18 http 0 13793.971
theguardian 228 3147398 80 0.03 2048 18 http 3 8083.124
stackoverflow 24 600434 194 0.03 2048 1 http 2 21449.548
theguardian 228 3147398 20 0.03 2048 1 http 2 22622.146
stackoverflow 24 600434 80 0 2048 6 http 2 1448.67
theguardian 228 3147398 20 0.015 512 1 http 3 12899.908
go 55 1877076 20 0.03 0 6 http 1 3221.64
go 55 1877076 20 0 0 6 http 2 535.391
go 55 1877076 20 0.015 2048 6 http 2 1247.56
go 55 1877076 20 0.015 0 1 http 3 5018.97
go 55 1877076 80 0 0 1 http 1 8347.77
stackoverflow 24 600434 20 0.03 2048 18 http 4 1279.335
stackoverflow 24 600434 80 0.03 2048 18 http 0 7420.286
go 55 1877076 80 0.03 2048 1 http 3 28497.631
go 55 1877076 194 0.015 0 18 http 2 11465.187
theguardian 228 3147398 194 0.015 2048 18 http 0 15849.882
stackoverflow 24 600434 194 0.015 0 1 http 1 13736.687
stackoverflow 24 600434 20 0.015 512 1 http 2 1662.504
theguardian 228 3147398 80 0.03 2048 18 http 4 7059.042
theguardian 228 3147398 80 0.03 0 6 http 2 16340.037
go 55 1877076 20 0.03 512 18 http 1 2516.683
go 55 1877076 194 0 512 18 http 0 3934.52
stackoverflow 24 600434 20 0.03 0 6 http 2 1519.605
go 55 1877076 80 0 512 6 http 0 2311.715
stackoverflow 24 600434 194 0 0 6 http 1 3928.917
go 55 1877076 194 0 0 1 http 3 19724.959
stackoverflow 24 600434 80 0.03 512 18 http 3 4984.455
go 55 1877076 80 0.03 512 18 http 4 6304.263
theguardian 228 3147398 194 0 512 1 http 2 56417.894
stackoverflow 24 600434 20 0 512 18 http 3 371.631
theguardian 228 3147398 80 0 512 18 http 3 2323.952
stackoverflow 24 600434 20 0 0 18 http 3 305.826
theguardian 228 3147398 20 0.03 2048 18 http 0 2063.225
theguardian 228 3147398 194 0 2048 18 http 3 5342.469
theguardian 228 3147398 194 0 512 18 http 0 5957.741
go 55 1877076 194 0 2048 1 http 2 17511.804
theguardian 228 3147398 194 0.015 0 6 http 2 22283.625
go 55 1877076 20 0.03 2048 1 http 0 7776.092
go 55 1877076 80 0 512 1 http 4 7932.16
go 55 1877076 20 0.015 512 6 http 1 1647.973
theguardian 228 3147398 20 0.03 0 1 http 2 20146.557
go 55 1877076 20 0.015 2048 18 http 3 2388.488
stackoverflow 24 600434 20 0.015 2048 6 http 0 861.008
theguardian 228 3147398 194 0.015 512 1 http 2 95967.825
go 55 1877076 80 0.015 2048 6 http 4 5219.347
go 55 1877076 194 0.015 512 18 http 0 9360.257
theguardian 228 3147398 194 0.03 2048 1 http 1 144975.473
stackoverflow 24 600434 80 0.015 2048 18 http 0 3306.458
stackoverflow 24 600434 80 0 512 18 http 4 1397.489
theguardian 228 3147398 20 0.03 512 1 http 1 17762.589
go 55 1877076 80 0.015 2048 1 http 4 20890.203
stackoverflow 24 600434 80 0.03 2048 18 http 1 2966.193
theguardian 228 3147398 194 0.015 512 18 http 4 16029.899
theguardian 228 3147398 80 0.015 0 6 http 1 10098.556
go 55 1877076 80 0.015 512 1 http 2 17413.152
stackoverflow 24 600434 20 0 0 6 http 3 398.543
stackoverflow 24 600434 20 0.015 0 18 http 0 1076.296
theguardian 228 3147398 194 0 512 18 http 3 5752.126
theguardian 228 3147398 194 0 2048 18 http 0 5752.966
theguardian 228 3147398 20 0.015 2048 1 http 2 13587.9
stackoverflow 24 600434 80 0.03 512 1 http 3 10214.423
theguardian 228 3147398 194 0.03 512 6 http 4 29767.446
go 55 1877076 20 0 0 18 http 0 474.725
stackoverflow 24 600434 194 0.03 0 6 http 2 11988.418
stackoverflow 24 600434 194 0.03 512 6 http 2 10284.735
theguardian 228 3147398 194 0.015 512 18 http 1 13006.773
go 55 1877076 80 0.03 0 1 http 1 25512.394
go 55 1877076 80 0.015 0 18 http 1 6217.085
theguardian 228 3147398 20 0.03 2048 18 http 1 2726.995
stackoverflow 24 600434 80 0 0 6 http 3 1570.866
go 55 1877076 80 0.03 512 1 http 0 32561.46
stackoverflow 24 600434 80 0 2048 1 http 1 3302.775
stackoverflow 24 600434 194 0.03 0 6 http 1 8926.369
go 55 1877076 20 0.015 0 18 http 3 1227.155
stackoverflow 24 600434 80 0.03 2048 6 http 2 3479.933
stackoverflow 24 600434 194 0 512 6 http 1 3689.215
go 55 1877076 194 0.015 512 1 http 3 41692.112
stackoverflow 24 600434 80 0.03 0 18 http 0 4967.621
stackoverflow 24 600434 80 0.03 0 1 http 2 7489.621
go 55 1877076 80 0.015 2048 18 http 1 5036.019
theguardian 228 3147398 20 0.03 512 6 http 1 4462.867
stackoverflow 24 600434 194 0 0 6 http 2 3744.492
go 55 1877076 20 0 0 6 http 0 593.075
stackoverflow 24 600434 80 0 0 18 http 2 1449.02
go 55 1877076 194 0.015 0 6 http 0 16580.219
go 55 1877076 80 0.03 0 18 http 1 6967.98
go 55 1877076 80 0 2048 1 http 0 7473.001
go 55 1877076 20 0.03 2048 18 http 4 1929.911
theguardian 228 3147398 20 0 2048 1 http 2 5198.495
stackoverflow 24 600434 20 0.03 2048 6 http 0 1859.356
stackoverflow 24 600434 80 0.015 0 6 http 2 3192.008
go 55 1877076 80 0.03 512 18 http 1 5336.911
theguardian 228 3147398 20 0.015 2048 6 http 0 2398.758
go 55 1877076 194 0 2048 6 http 1 4517.01
stackoverflow 24 600434 20 0.015 2048 6 http 2 1463.732
theguardian 228 3147398 194 0 0 6 http 2 10738.18
stackoverflow 24 600434 80 0.03 2048 18 http 3 3161.005
stackoverflow 24 600434 80 0.03 0 1 http 0 10886.58
go 55 1877076 80 0.03 512 18 http 2 8768.795
theguardian 228 3147398 80 0.015 0 18 http 0 6480.706
go 55 1877076 194 0.03 512 18 http 1 13412.177
stackoverflow 24 600434 194 0 512 18 http 2 3319.642
stackoverflow 24 600434 194 0.015 2048 6 http 0 8990.107
stackoverflow 24 600434 80 0.015 512 1 http 0 5814.237
go 55 1877076 194 0.015 512 6 http 0 13276.01
stackoverflow 24 600434 80 0.015 512 1 http 1 6340.818
stackoverflow 24 600434 194 0.03 0 1 http 1 19530.148
theguardian 228 3147398 194 0.03 2048 6 http 2 29230.721
stackoverflow 24 600434 194 0.03 512 18 http 2 7026.353
go 55 1877076 20 0.015 512 1 http 3 5279.363
stackoverflow 24 600434 194 0.015 0 6 http 3 6432.002
theguardian 228 3147398 20 0 2048 18 http 1 724.929
go 55 1877076 20 0.03 512 18 http 4 2199.625
theguardian 228 3147398 80 0.015 2048 18 http 1 5968.366
go 55 1877076 20 0.03 0 6 http 3 2203.978
theguardian 228 3147398 20 0 2048 6 http 4 1218.526
stackoverflow 24 600434 194 0.03 2048 1 http 4 17991.771
theguardian 228 3147398 194 0 2048 6 http 4 10384.966
go 55 1877076 194 0.015 0 1 http 2 42132.743
theguardian 228 3147398 20 0.015 0 6 http 2 2627.293
stackoverflow 24 600434 80 0 512 1 http 4 3382.983
stackoverflow 24 600434 194 0 0 18 http 0 3316.801
stackoverflow 24 600434 20 0.015 512 6 http 3 804.139
theguardian 228 3147398 80 0.015 512 6 http 1 9355.539
stackoverflow 24 600434 20 0.015 2048 1 http 1 1463.341
go 55 1877076 194 0.015 2048 18 http 0 12882.632
stackoverflow 24 600434 20 0.03 2048 1 http 1 3347.706
go 55 1877076 80 0.015 2048 18 http 0 4529.542
go 55 1877076 80 0 0 6 http 2 2875.204
stackoverflow 24 600434 194 0.03 512 6 http 3 11112.591
stackoverflow 24 600434 80 0 512 1 http 3 3454.614
go 55 1877076 80 0 0 18 http 2 1805.719
stackoverflow 24 600434 20 0 2048 18 http 4 346.434
theguardian 228 3147398 20 0 0 6 http 3 1208.371
theguardian 228 3147398 194 0.015 2048 18 http 1 15042.235
go 55 1877076 20 0.015 0 6 http 1 1594.192
stackoverflow 24 600434 194 0.015 0 6 http 0 7194.909
theguardian 228 3147398 194 0.015 2048 6 http 1 22445.903
go 55 1877076 80 0.015 0 6 http 2 5694.957
theguardian 228 3147398 194 0.03 0 6 http 0 30354.414
stackoverflow 24 600434 194 0 0 1 http 4 8744.097
theguardian 228 3147398 20 0.015 512 1 http 2 16123.809
go 55 1877076 20 0.015 2048 18 http 1 1335.128
go 55 1877076 194 0.03 0 18 http 3 24866.554
stackoverflow 24 600434 80 0.015 512 1 http 3 6684.636
theguardian 228 3147398 20 0 512 1 http 0 6345.089
go 55 1877076 80 0.03 512 1 http 1 22956.476
theguardian 228 3147398 194 0.03 0 18 http 4 15441.861
theguardian 228 3147398 194 0.015 2048 18 http 4 15431.736
stackoverflow 24 600434 194 0.03 2048 1 http 1 13567.951
stackoverflow 24 600434 194 0.03 2048 6 http 1 9319.965
stackoverflow 24 600434 194 0.015 512 6 http 4 9760.405
stackoverflow 24 600434 20 0.015 512 6 http 0 715.697
stackoverflow 24 600434 194 0.015 2048 6 http 2 8764.371
theguardian 228 3147398 194 0.03 512 1 http 4 135440.874
go 55 1877076 80 0.03 2048 18 http 4 5772.012
theguardian 228 3147398 20 0.03 2048 1 http 4 18993.745
go 55 1877076 194 0.03 0 18 http 4 15350.365
go 55 1877076 194 0 512 6 http 4 4907.633
stackoverflow 24 600434 194 0 0 18 http 4 3124.112
go 55 1877076 20 0.03 512 18 http 3 1861.007
theguardian 228 3147398 194 0.03 2048 6 http 0 33192.354
go 55 1877076 20 0.015 512 6 http 2 1526.945
stackoverflow 24 600434 20 0.015 2048 1 http 3 2599.735
go 55 1877076 20 0.015 512 1 http 2 5563.393
theguardian 228 3147398 80 0.015 512 6 http 0 8428.086
go 55 1877076 80 0.03 0 1 http 0 24959.354
theguardian 228 3147398 20 0.03 512 1 http 0 16200.389
go 55 1877076 80 0.015 512 1 http 4 20317.582
theguardian 228 3147398 194 0 2048 1 http 4 50043.824
theguardian 228 3147398 194 0 512 6 http 2 10253.186
stackoverflow 24 600434 20 0.015 512 18 http 2 806.99
theguardian 228 3147398 20 0.015 512 6 http 1 3642.437
theguardian 228 3147398 20 0.015 0 1 http 1 12414.287
stackoverflow 24 600434 20 0.03 0 1 http 1 1643.263
stackoverflow 24 600434 20 0.015 2048 18 http 3 1859.947
stackoverflow 24 600434 194 0.03 512 1 http 4 22199.848
theguardian 228 3147398 80 0.015 2048 18 http 3 5430.931
stackoverflow 24 600434 20 0 512 6 http 0 350.158
go 55 1877076 194 0.015 2048 18 http 4 9967.085
theguardian 228 3147398 80 0.03 2048 18 http 2 8831.508
theguardian 228 3147398 80 0.03 2048 6 http 1 11995.655
theguardian 228 3147398 80 0 0 18 http 4 2554.757
theguardian 228 3147398 80 0.03 0 6 http 4 12893.516
go 55 1877076 80 0.015 512 6 http 4 5451.756
theguardian 228 3147398 194 0.03 0 1 http 0 144863.121
theguardian 228 3147398 80 0 2048 18 http 2 2532.829
theguardian 228 3147398 80 0.015 2048 6 http 2 9439.642
stackoverflow 24 600434 80 0.03 512 18 http 0 4083.436
go 55 1877076 80 0 512 18 http 3 1786.423
go 55 1877076 20 0.015 512 1 http 0 6160.02
go 55 1877076 194 0 2048 18 http 0 4127.693
theguardian 228 3147398 194 0.03 0 18 http 0 19982.121
go 55 1877076 80 0 2048 1 http 2 7545.976
stackoverflow 24 600434 80 0.015 0 1 http 4 5862.327
stackoverflow 24 600434 80 0.015 2048 1 http 2 5394.183
stackoverflow 24 600434 80 0 512 18 http 2 1379.001
go 55 1877076 20 0 0 18 http 4 502.211
go 55 1877076 194 0.03 0 6 http 1 18335.039
theguardian 228 3147398 194 0.015 0 6 http 1 25831.971
theguardian 228 3147398 194 0.03 0 6 http 2 29966.789
stackoverflow 24 600434 80 0.03 0 6 http 3 5425.874
go 55 1877076 20 0.015 0 1 http 4 6832.773
stackoverflow 24 600434 194 0 0 1 http 2 8753.329
stackoverflow 24 600434 80 0.015 2048 1 http 1 6627.453
stackoverflow 24 600434 194 0.015 2048 18 http 3 6628.843
theguardian 228 3147398 20 0.015 2048 18 http 4 1601.54
theguardian 228 3147398 80 0.03 512 18 http 0 7951.368
theguardian 228 3147398 194 0 0 1 http 1 52195.058
theguardian 228 3147398 20 0.015 2048 1 http 0 12250.92
go 55 1877076 80 0 0 6 http 4 2498.106
stackoverflow 24 600434 20 0.03 512 18 http 0 2661.693
stackoverflow 24 600434 20 0.015 2048 18 http 0 606.335
go 55 1877076 194 0 0 18 http 4 3970.65
go 55 1877076 20 0 2048 6 http 2 529.532
go 55 1877076 20 0 2048 1 http 0 1469.89
stackoverflow 24 600434 80 0.03 0 6 http 4 3921.601
stackoverflow 24 600434 194 0.015 2048 1 http 3 17049.278
theguardian 228 3147398 194 0 512 1 http 0 49952.815
go 55 1877076 194 0 512 18 http 2 3970.395
theguardian 228 3147398 20 0 0 6 http 4 1153.989
go 55 1877076 20 0.03 0 1 http 1 9579.63
theguardian 228 3147398 20 0.015 512 18 http 3 2420.415
stackoverflow 24 600434 20 0.015 0 6 http 4 870.844
theguardian 228 3147398 80 0.015 0 1 http 3 46681.043
stackoverflow 24 600434 20 0.015 0 18 http 2 821.425
go 55 1877076 20 0 2048 6 http 1 576.239
go 55 1877076 194 0.03 512 1 http 3 62426.544
theguardian 228 3147398 80 0.015 512 1 http 1 44289.019
stackoverflow 24 600434 194 0 2048 18 http 3 3315.061
theguardian 228 3147398 20 0.015 512 1 http 4 14775.258
stackoverflow 24 600434 194 0.03 0 18 http 0 10946.243
theguardian 228 3147398 194 0.03 0 6 http 4 27017.192
stackoverflow 24 600434 194 0 2048 6 http 2 3695.412
go 55 1877076 80 0.03 2048 1 http 4 27960.005
theguardian 228 3147398 194 0 2048 18 http 1 5554.205
stackoverflow 24 600434 194 0 0 6 http 0 3932.947
theguardian 228 3147398 194 0 2048 6 http 0 10657.356
theguardian 228 3147398 80 0.015 512 18 http 1 7025.878
stackoverflow 24 600434 80 0 2048 1 http 0 3352.429
stackoverflow 24 600434 20 0 2048 1 http 4 888.45
stackoverflow 24 600434 20 0 2048 1 http 2 630.577
stackoverflow 24 600434 20 0 2048 18 http 2 348.8
go 55 1877076 80 0.015 0 6 http 3 7817.112
stackoverflow 24 600434 194 0.015 2048 1 http 2 15480.228
theguardian 228 3147398 80 0.015 0 1 http 4 43464.565
theguardian 228 3147398 20 0.03 512 6 http 2 4265.742
stackoverflow 24 600434 20 0 2048 1 http 3 683.986
go 55 1877076 20 0 0 1 http 0 2101.54
stackoverflow 24 600434 80 0.03 0 1 http 4 6125.839
theguardian 228 3147398 80 0 512 1 http 3 21078.495
stackoverflow 24 600434 80 0.03 2048 6 http 3 3225.567
theguardian 228 3147398 20 0.015 0 6 http 0 2951.384
theguardian 228 3147398 20 0.015 0 6 http 3 3557.046
stackoverflow 24 600434 80 0.03 512 1 http 2 8126.574
theguardian 228 3147398 194 0 512 1 http 3 50244.011
go 55 1877076 20 0 512 1 http 0 1434.332
stackoverflow 24 600434 20 0.03 0 18 http 4 1946.169
stackoverflow 24 600434 194 0.015 512 1 http 4 18332.102
theguardian 228 3147398 194 0.015 512 1 http 4 96123.892
theguardian 228 3147398 20 0.03 512 6 http 4 4167.227
theguardian 228 3147398 194 0.015 2048 6 http 2 23578.857
go 55 1877076 194 0.015 2048 6 http 1 11305.71
theguardian 228 3147398 194 0.03 2048 18 http 1 21444.468
go 55 1877076 20 0 0 6 http 1 519.953
theguardian 228 3147398 80 0.03 2048 18 http 0 9806.552
go 55 1877076 20 0.03 512 1 http 1 6746.388
stackoverflow 24 600434 80 0 0 1 http 3 3632.092
go 55 1877076 80 0.015 512 1 http 0 16919.874
go 55 1877076 80 0.015 512 6 http 0 6277.46
stackoverflow 24 600434 194 0 2048 18 http 1 3324.323
theguardian 228 3147398 20 0 0 18 http 1 744.583
stackoverflow 24 600434 80 0 0 1 http 0 3625.054
stackoverflow 24 600434 80 0 2048 18 http 0 1142.093
theguardian 228 3147398 194 0.03 512 1 http 2 126798.829
stackoverflow 24 600434 80 0.015 0 6 http 0 2628.139
theguardian 228 3147398 20 0 512 1 http 4 5298.204
go 55 1877076 80 0.015 0 1 http 4 19655.342
stackoverflow 24 600434 20 0 512 18 http 2 360.678
stackoverflow 24 600434 20 0.015 0 6 http 2 1517.303
stackoverflow 24 600434 194 0 512 18 http 3 3324.801
stackoverflow 24 600434 80 0.03 512 6 http 4 5319.758
theguardian 228 3147398 20 0 512 18 http 4 754.944
stackoverflow 24 600434 80 0.03 0 18 http 1 5873.358
go 55 1877076 194 0.03 2048 6 http 2 19061.802
theguardian 228 3147398 20 0 0 1 http 2 5966.056
theguardian 228 3147398 194 0.03 512 18 http 2 22364.205
theguardian 228 3147398 20 0.03 512 1 http 4 19450.975
stackoverflow 24 600434 20 0 0 1 http 1 662.37
go 55 1877076 194 0.015 2048 18 http 1 11107.859
go 55 1877076 194 0.015 2048 6 http 3 16216.039
go 55 1877076 20 0.015 512 18 http 2 1158.515
go 55 1877076 194 0.03 512 18 http 2 16163.042
go 55 1877076 80 0.03 0 6 http 1 7900.379
stackoverflow 24 600434 194 0 0 6 http 4 3740.816
theguardian 228 3147398 20 0 0 18 http 3 744.589
go 55 1877076 80 0 2048 1 http 4 7560.243
theguardian 228 3147398 20 0.03 512 18 http 4 3030.765
stackoverflow 24 600434 194 0 512 1 http 4 7813.676
stackoverflow 24 600434 194 0 2048 1 http 1 7581.933
stackoverflow 24 600434 194 0.015 0 6 http 2 7187.834
go 55 1877076 20 0 0 1 http 2 1472.131
stackoverflow 24 600434 20 0 512 18 http 1 365.768
go 55 1877076 194 0.03 2048 1 http 3 60475.822
stackoverflow 24 600434 20 0 512 6 http 3 423.205
theguardian 228 3147398 194 0.015 2048 1 http 0 101353.183
go 55 1877076 80 0.03 0 18 http 3 7668.726
theguardian 228 3147398 194 0 0 18 http 1 5966.213
stackoverflow 24 600434 194 0 0 18 http 2 3316.376
theguardian 228 3147398 20 0 0 6 http 1 1258.382
stackoverflow 24 600434 194 0.03 512 1 http 3 14898.189
theguardian 228 3147398 80 0.03 2048 1 http 3 56997.206
theguardian 228 3147398 20 0 512 6 http 0 1219.139
stackoverflow 24 600434 80 0.015 512 18 http 4 3490.647
stackoverflow 24 600434 20 0.03 2048 18 http 0 2993.482
theguardian 228 3147398 194 0 0 18 http 2 5958.337
go 55 1877076 80 0.015 512 18 http 2 5306.316
stackoverflow 24 600434 194 0 512 6 http 0 3743.28
go 55 1877076 194 0.03 2048 6 http 4 22715.8
stackoverflow 24 600434 194 0 2048 1 http 4 7449.887
go 55 1877076 80 0.03 512 6 http 3 6735.982
theguardian 228 3147398 194 0 512 1 http 4 50117.974
theguardian 228 3147398 80 0 512 6 http 1 4518.35
stackoverflow 24 600434 80 0.03 2048 18 http 4 3562.813
stackoverflow 24 600434 20 0.03 512 6 http 2 1725.207
stackoverflow 24 600434 80 0.015 2048 1 http 0 7261.058
go 55 1877076 80 0.03 2048 6 http 3 7688.74
go 55 1877076 80 0.015 0 6 http 0 4541.935
go 55 1877076 20 0.015 0 1 http 0 5039.669
stackoverflow 24 600434 20 0.015 0 1 http 2 2428.917
go 55 1877076 80 0.015 2048 6 http 2 4537.458
theguardian 228 3147398 194 0 2048 6 http 3 10575.819
theguardian 228 3147398 80 0.03 0 18 http 0 7373.599
stackoverflow 24 600434 20 0.015 512 1 http 3 2059.65
theguardian 228 3147398 194 0.015 0 18 http 4 12012.235
stackoverflow 24 600434 194 0 512 6 http 4 3740.087
go 55 1877076 80 0.03 2048 18 http 0 14773.627
theguardian 228 3147398 80 0.015 2048 1 http 3 45480.103
stackoverflow 24 600434 20 0.015 512 18 http 1 1030.387
stackoverflow 24 600434 194 0.03 512 18 http 3 10434.376
theguardian 228 3147398 194 0.015 512 18 http 3 14104.835
go 55 1877076 194 0.03 512 1 http 1 65398.647
go 55 1877076 80 0.03 2048 6 http 1 8128.578
go 55 1877076 20 0.015 512 6 http 3 1575.592
theguardian 228 3147398 20 0.015 2048 1 http 1 14607.245
go 55 1877076 194 0.015 2048 6 http 2 11308.223
go 55 1877076 20 0 2048 18 http 4 480.252
stackoverflow 24 600434 20 0 512 1 http 0 1146.622
go 55 1877076 80 0.03 512 6 http 2 8383.629
go 55 1877076 80 0.03 2048 1 http 1 25310.902
stackoverflow 24 600434 80 0 512 6 http 2 1503.937
stackoverflow 24 600434 194 0.03 512 18 http 4 7990.158
go 55 1877076 20 0.03 2048 6 http 0 1747.86
theguardian 228 3147398 80 0 0 1 http 0 21710.336
go 55 1877076 194 0 0 1 http 0 19594.885
stackoverflow 24 600434 20 0.03 0 1 http 3 1659.686
stackoverflow 24 600434 80 0.015 2048 18 http 1 2905.221
theguardian 228 3147398 20 0.03 0 1 http 1 19605.606
go 55 1877076 194 0.03 2048 18 http 0 20652.045
stackoverflow 24 600434 194 0 512 6 http 2 3321.218
go 55 1877076 194 0 512 6 http 1 5080.361
theguardian 228 3147398 20 0.015 512 6 http 3 3056.958
stackoverflow 24 600434 80 0.015 512 6 http 2 2651.509
go 55 1877076 20 0 512 1 http 1 1455.14
theguardian 228 3147398 80 0.03 0 18 http 4 11889.954
theguardian 228 3147398 20 0.015 2048 18 http 3 1719.791
stackoverflow 24 600434 80 0 2048 1 http 2 3318.848
stackoverflow 24 600434 20 0 512 18 http 0 347.784
go 55 1877076 20 0.03 512 6 http 4 2105.771
go 55 1877076 194 0 512 18 http 1 3975.908
go 55 1877076 20 0.015 2048 18 http 4 1715.676
go 55 1877076 20 0.03 2048 1 http 4 7427.44
go 55 1877076 194 0.03 512 1 http 4 55130.212
theguardian 228 3147398 80 0.015 2048 1 http 0 46970.782
stackoverflow 24 600434 20 0.03 0 18 http 1 875.156
stackoverflow 24 600434 194 0.015 2048 1 http 1 15022.145
stackoverflow 24 600434 20 0.03 0 6 http 0 1446.923
go 55 1877076 80 0.03 0 18 http 2 5390.314
go 55 1877076 194 0.03 0 6 http 4 18558.918
go 55 1877076 194 0 0 18 http 2 3983.737
stackoverflow 24 600434 80 0.015 2048 6 http 2 3969.464
theguardian 228 3147398 194 0 0 1 http 4 53956.319
go 55 1877076 20 0.015 2048 18 http 2 1646.633
go 55 1877076 20 0.015 0 1 http 2 5067.492
go 55 1877076 194 0.03 0 18 http 1 14486.239
stackoverflow 24 600434 80 0.015 512 6 http 0 3330.299
go 55 1877076 194 0 0 1 http 4 19432.252
theguardian 228 3147398 80 0.015 0 18 http 2 6167.71
theguardian 228 3147398 20 0.03 2048 6 http 3 4536.336
theguardian 228 3147398 20 0.015 2048 1 http 4 14250.652
theguardian 228 3147398 80 0.015 512 1 http 2 39495.351
stackoverflow 24 600434 194 0.015 0 18 http 0 7441.135
theguardian 228 3147398 20 0.03 0 18 http 4 2549.37
go 55 1877076 194 0 2048 18 http 4 3949.438
stackoverflow 24 600434 194 0.015 0 6 http 4 6038.495
stackoverflow 24 600434 20 0.03 0 1 http 4 3379.291
go 55 1877076 20 0 2048 18 http 1 486.703
theguardian 228 3147398 20 0 2048 1 http 4 11332.3
go 55 1877076 20 0.015 512 6 http 4 1888.497
stackoverflow 24 600434 80 0.015 512 1 http 2 6597.519
stackoverflow 24 600434 194 0 512 18 http 0 3316.96
go 55 1877076 80 0.015 2048 1 http 1 18971.325
go 55 1877076 20 0.03 2048 18 http 2 1213.322
theguardian 228 3147398 194 0.015 0 1 http 2 108553.452
stackoverflow 24 600434 194 0.015 512 18 http 3 5856.26
theguardian 228 3147398 20 0.015 2048 1 http 3 14279.332
stackoverflow 24 600434 194 0.03 0 6 http 0 12945.03
stackoverflow 24 600434 20 0.03 2048 6 http 1 1037.21
theguardian 228 3147398 80 0.03 0 6 http 3 12786.378
go 55 1877076 194 0.015 512 6 http 4 12705.761
theguardian 228 3147398 20 0.03 512 18 http 1 2390.844
stackoverflow 24 600434 194 0.015 2048 18 http 1 6218.103
stackoverflow 24 600434 194 0.015 2048 18 http 0 5849.831
stackoverflow 24 600434 80 0 512 1 http 1 3417.81
go 55 1877076 80 0.015 512 6 http 3 7071.662
stackoverflow 24 600434 194 0 0 18 http 3 2735.056
go 55 1877076 20 0.03 0 1 http 0 7837.44
stackoverflow 24 600434 80 0.03 2048 1 http 3 9230.389
theguardian 228 3147398 80 0.015 0 1 http 2 41710.618
stackoverflow 24 600434 20 0.03 512 18 http 4 783.151
theguardian 228 3147398 194 0.03 2048 18 http 3 21360.584
theguardian 228 3147398 194 0.015 512 6 http 2 22521.431
stackoverflow 24 600434 194 0.03 2048 1 http 0 23404.706
stackoverflow 24 600434 194 0.03 0 18 http 1 6990.636
stackoverflow 24 600434 80 0.03 2048 1 http 4 9363.21
go 55 1877076 80 0 512 6 http 1 2373.836
go 55 1877076 80 0.015 0 18 http 2 3770.067
go 55 1877076 194 0.03 512 6 http 3 23404.376
stackoverflow 24 600434 194 0.03 2048 18 http 1 9214.593
go 55 1877076 80 0 2048 18 http 2 1669.209
theguardian 228 3147398 20 0.03 0 18 http 3 2969.125
stackoverflow 24 600434 20 0.03 2048 1 http 0 3842.613
stackoverflow 24 600434 20 0.03 512 18 http 3 2086.321
go 55 1877076 80 0.03 0 18 http 4 6386.161
theguardian 228 3147398 194 0.03 512 6 http 1 27022.013
go 55 1877076 80 0 0 1 http 3 8286.859
stackoverflow 24 600434 80 0 2048 6 http 0 1531.865
stackoverflow 24 600434 194 0.015 512 6 http 2 8621.308
stackoverflow 24 600434 20 0.015 2048 18 http 4 643.303
go 55 1877076 80 0.03 0 1 http 3 30971.952
stackoverflow 24 600434 194 0.03 512 1 http 0 19178.126
stackoverflow 24 600434 20 0.03 0 18 http 3 1018.286
go 55 1877076 20 0 512 6 http 2 506.691
stackoverflow 24 600434 80 0 512 1 http 0 3387.292
stackoverflow 24 600434 20 0 512 6 http 4 429.987
go 55 1877076 20 0.015 512 18 http 4 1621.55
go 55 1877076 194 0.03 512 18 http 4 14658.736
stackoverflow 24 600434 80 0.015 2048 18 http 3 2697.889
go 55 1877076 20 0 512 1 http 4 1493.661
go 55 1877076 20 0 2048 6 http 3 546.367
go 55 1877076 194 0.015 512 1 http 0 37376.638
stackoverflow 24 600434 20 0 0 6 http 0 412.019
stackoverflow 24 600434 194 0.03 512 1 http 1 19696.706
go 55 1877076 194 0 2048 1 http 0 17499.574
theguardian 228 3147398 194 0.03 2048 6 http 4 35118.014
stackoverflow 24 600434 20 0.03 512 1 http 4 1837.946
theguardian 228 3147398 194 0.03 512 1 http 0 138189.695
go 55 1877076 80 0.03 0 6 http 4 9257.824
stackoverflow 24 600434 20 0 512 1 http 4 637.372
stackoverflow 24 600434 194 0 2048 1 http 2 7700.468
stackoverflow 24 600434 20 0.015 0 6 http 0 1709.105
theguardian 228 3147398 80 0.03 0 1 http 2 56797.28
go 55 1877076 20 0 512 1 http 3 1455.801
stackoverflow 24 600434 80 0.015 2048 18 http 2 3165.146
stackoverflow 24 600434 194 0.03 2048 18 http 4 8967.065
go 55 1877076 20 0.03 0 18 http 1 2305.221
go 55 1877076 194 0 0 18 http 0 4295.046
stackoverflow 24 600434 194 0.03 2048 18 http 0 11641.791
theguardian 228 3147398 20 0.03 2048 6 http 4 4066.317
go 55 1877076 194 0 2048 6 http 2 4698.745
stackoverflow 24 600434 80 0.03 0 18 http 2 6645.662
stackoverflow 24 600434 194 0 2048 6 http 3 3357.826
go 55 1877076 80 0.015 2048 1 http 2 20583.213
theguardian 228 3147398 80 0.03 2048 1 http 4 61170.537
stackoverflow 24 600434 194 0 2048 6 http 1 3883.339
theguardian 228 3147398 20 0.015 0 18 http 2 2892.8
go 55 1877076 80 0 2048 1 http 1 7356.9
theguardian 228 3147398 80 0 2048 6 http 0 4418.138
go 55 1877076 80 0.015 0 18 http 0 4228.469
stackoverflow 24 600434 194 0.015 0 1 http 3 13630.11
go 55 1877076 194 0.015 2048 1 http 1 42510.153
stackoverflow 24 600434 80 0 2048 6 http 1 1529.381
theguardian 228 3147398 194 0.015 0 1 http 1 100596.299
theguardian 228 3147398 20 0.03 0 18 http 2 2742.321
go 55 1877076 80 0.03 0 1 http 2 23405.987
stackoverflow 24 600434 80 0 2048 6 http 3 1582.45
stackoverflow 24 600434 20 0.015 512 1 http 1 1238.43
stackoverflow 24 600434 80 0.015 512 18 http 0 2722.775
theguardian 228 3147398 20 0.015 2048 6 http 4 2428.009
theguardian 228 3147398 194 0.03 512 1 http 1 127003.596
stackoverflow 24 600434 80 0.03 512 6 http 3 3207.421
theguardian 228 3147398 194 0.015 0 18 http 2 16168.008
go 55 1877076 20 0.03 512 18 http 0 2402.842
theguardian 228 3147398 20 0 512 6 http 2 1220.906
stackoverflow 24 600434 194 0.03 2048 1 http 3 22435.336
theguardian 228 3147398 20 0 2048 18 http 3 740.383
theguardian 228 3147398 194 0.015 0 1 http 4 98438.717
stackoverflow 24 600434 20 0.03 2048 18 http 3 873.576
stackoverflow 24 600434 20 0 0 18 http 2 338.941
theguardian 228 3147398 20 0.03 2048 6 http 1 4529.869
go 55 1877076 194 0.015 0 1 http 4 48112.75
go 55 1877076 194 0 512 6 http 2 5453.868
go 55 1877076 80 0.015 2048 6 http 1 4886.705
theguardian 228 3147398 194 0.03 2048 1 http 0 131147.348
go 55 1877076 20 0 2048 18 http 0 475.495
theguardian 228 3147398 80 0 0 18 http 0 2569.91
stackoverflow 24 600434 194 0.03 2048 6 http 2 8170.184
go 55 1877076 194 0.015 512 1 http 1 46059.619
go 55 1877076 194 0.03 2048 6 http 0 22388.496
theguardian 228 3147398 194 0 2048 1 http 0 53556.499
go 55 1877076 80 0 2048 18 http 1 1722.699
stackoverflow 24 600434 194 0.015 512 1 http 1 12694.127
go 55 1877076 80 0.015 2048 1 http 0 14342.403
stackoverflow 24 600434 194 0 2048 6 http 0 3118.204
theguardian 228 3147398 80 0 512 1 http 4 22711.339
stackoverflow 24 600434 80 0 2048 6 http 4 1457.894
go 55 1877076 20 0 0 1 http 1 1476.135
theguardian 228 3147398 80 0.03 512 6 http 0 12348.909
theguardian 228 3147398 20 0 0 18 http 4 755.125
theguardian 228 3147398 80 0 2048 6 http 4 4322.996
theguardian 228 3147398 20 0 0 6 http 2 1187.151
theguardian 228 3147398 20 0 512 18 http 2 708.798
go 55 1877076 20 0.015 0 6 http 4 1708.937
theguardian 228 3147398 194 0.015 2048 1 http 4 97882.006
theguardian 228 3147398 80 0 2048 6 http 1 4371.769
stackoverflow 24 600434 194 0.015 0 18 http 1 8738.605
go 55 1877076 194 0.015 0 18 http 1 11460.557
go 55 1877076 194 0.015 512 1 http 4 47699.475
theguardian 228 3147398 80 0.03 2048 6 http 2 12040.043
stackoverflow 24 600434 194 0.015 2048 6 http 3 7978.468
theguardian 228 3147398 194 0 2048 1 http 1 50542.446
stackoverflow 24 600434 80 0.015 2048 6 http 4 3633.302
stackoverflow 24 600434 20 0.03 512 6 http 3 1198.334
go 55 1877076 20 0.015 512 1 http 1 5418.55
stackoverflow 24 600434 20 0.015 512 6 http 4 1059.166
theguardian 228 3147398 20 0 2048 6 http 2 1176.293
theguardian 228 3147398 20 0.03 512 6 http 0 4237.863
theguardian 228 3147398 194 0 0 6 http 4 10794.835
stackoverflow 24 600434 80 0.015 512 6 http 4 4234.027
stackoverflow 24 600434 80 0.03 0 1 http 3 6499.223
theguardian 228 3147398 194 0.03 512 6 http 3 31150.364
theguardian 228 3147398 194 0.03 2048 18 http 2 15575.339
stackoverflow 24 600434 194 0.015 2048 1 http 4 15795.815
theguardian 228 3147398 194 0 0 1 http 3 50438.03
go 55 1877076 80 0.03 2048 18 http 3 9938.414
stackoverflow 24 600434 194 0 2048 1 http 3 7670.634
go 55 1877076 80 0.015 512 6 http 2 6143.201
go 55 1877076 194 0.015 2048 1 http 2 36120.787
theguardian 228 3147398 80 0 0 18 http 1 2514.994
go 55 1877076 194 0 2048 18 http 1 4195.058
stackoverflow 24 600434 20 0 2048 1 http 1 627.365
stackoverflow 24 600434 80 0.03 0 18 http 4 4519.69
stackoverflow 24 600434 80 0.015 2048 6 http 0 2850.219
go 55 1877076 20 0 512 6 http 4 546.841
theguardian 228 3147398 194 0 0 18 http 0 5742.42
stackoverflow 24 600434 194 0 512 1 http 2 7868.585
stackoverflow 24 600434 194 0.03 0 18 http 4 10320.54
go 55 1877076 20 0.015 0 18 http 4 1286.715
stackoverflow 24 600434 80 0.03 0 6 http 0 4771.052
stackoverflow 24 600434 80 0.015 2048 1 http 3 5240.367
go 55 1877076 80 0.03 0 6 http 3 7635.994
stackoverflow 24 600434 20 0 0 6 http 4 415.647
theguardian 228 3147398 80 0 512 1 http 0 24773.88
theguardian 228 3147398 20 0.03 0 1 http 0 20193.645
go 55 1877076 20 0 0 6 http 3 532.616
theguardian 228 3147398 80 0.03 0 6 http 1 12745.01
go 55 1877076 80 0.015 512 18 http 4 6809.919
theguardian 228 3147398 80 0 2048 1 http 1 21161.859
go 55 1877076 20 0.015 0 6 http 2 1512.072
stackoverflow 24 600434 20 0.015 2048 18 http 1 1851.366
theguardian 228 3147398 194 0.015 2048 6 http 0 20750.133
theguardian 228 3147398 20 0 2048 1 http 1 5802.551
theguardian 228 3147398 194 0 2048 18 http 4 5536.529
theguardian 228 3147398 194 0.03 0 1 http 3 131018.632
theguardian 228 3147398 20 0.015 0 6 http 4 3349.067
theguardian 228 3147398 80 0.03 0 1 http 1 60368.532
theguardian 228 3147398 20 0.015 512 1 http 1 12202.907
go 55 1877076 20 0 512 18 http 3 485.579
stackoverflow 24 600434 194 0.015 512 1 http 0 13467.249
go 55 1877076 20 0.015 2048 6 http 4 1599.928
stackoverflow 24 600434 194 0.03 0 6 http 4 10164.879
theguardian 228 3147398 80 0 0 6 http 4 4564.016
go 55 1877076 194 0.03 2048 1 http 1 58624.231
stackoverflow 24 600434 20 0.03 2048 1 http 3 2618.489
go 55 1877076 194 0 512 6 http 0 4968.053
go 55 1877076 194 0.03 2048 18 http 2 13603.734
go 55 1877076 20 0.015 2048 1 http 3 4954.461
stackoverflow 24 600434 194 0 2048 18 http 0 3319.33
theguardian 228 3147398 80 0 0 6 http 0 4590.088
go 55 1877076 194 0 0 1 http 1 19511.143
go 55 1877076 80 0 0 18 http 1 1684.733
go 55 1877076 80 0 512 1 http 2 7895.492
stackoverflow 24 600434 80 0.03 512 6 http 0 3831.951
stackoverflow 24 600434 20 0.03 0 18 http 2 957.808
theguardian 228 3147398 80 0 0 6 http 3 4629.093
theguardian 228 3147398 20 0.03 0 6 http 4 5465.827
go 55 1877076 20 0.03 2048 6 http 1 2672.884
stackoverflow 24 600434 20 0.015 512 6 http 2 676.466
theguardian 228 3147398 20 0.015 512 6 http 0 3753.471
stackoverflow 24 600434 194 0.03 512 6 http 1 8573.398
go 55 1877076 194 0.015 2048 1 http 0 50060.516
theguardian 228 3147398 20 0.03 512 1 http 3 19996.369
go 55 1877076 20 0 512 6 http 1 573.359
theguardian 228 3147398 20 0.015 512 6 http 2 2528.57
theguardian 228 3147398 20 0.03 2048 1 http 1 22525.075
theguardian 228 3147398 20 0 512 18 http 1 704.567
stackoverflow 24 600434 20 0 0 6 http 2 406.797
theguardian 228 3147398 194 0.015 2048 6 http 4 20654.747
stackoverflow 24 600434 20 0 0 1 http 0 1039.709
theguardian 228 3147398 80 0.03 512 1 http 1 53567.396
theguardian 228 3147398 20 0 2048 1 http 0 5912.28
go 55 1877076 194 0.015 0 6 http 3 13045.044
theguardian 228 3147398 194 0.03 512 18 http 3 18808.388
theguardian 228 3147398 194 0.015 2048 6 http 3 24280.47
go 55 1877076 20 0.03 512 1 http 0 7912.245
theguardian 228 3147398 20 0.03 2048 18 http 2 7515.182
theguardian 228 3147398 80 0 2048 6 http 2 4367.592
go 55 1877076 80 0.015 2048 18 http 3 3773.405
theguardian 228 3147398 80 0.03 0 18 http 3 8873.112
stackoverflow 24 600434 194 0.03 512 1 http 2 25685.571
theguardian 228 3147398 80 0.015 0 6 http 2 10693.011
go 55 1877076 194 0.03 512 6 http 4 17742.008
go 55 1877076 80 0.015 512 1 http 1 16714.565
go 55 1877076 80 0.015 2048 6 http 0 4768.557
stackoverflow 24 600434 80 0.015 512 18 http 3 3358.687
stackoverflow 24 600434 80 0.015 512 18 http 2 3001.133
stackoverflow 24 600434 194 0.03 0 18 http 2 6629.837
go 55 1877076 80 0.03 512 18 http 0 5933.249
stackoverflow 24 600434 194 0.015 512 18 http 4 5448.092
go 55 1877076 80 0.03 512 1 http 2 26659.766
theguardian 228 3147398 20 0 2048 6 http 1 1176.034
theguardian 228 3147398 80 0 512 1 http 2 23267.225
stackoverflow 24 600434 20 0 2048 6 http 1 354.962
stackoverflow 24 600434 194 0.03 0 1 http 0 20241.55
theguardian 228 3147398 194 0.03 2048 1 http 3 127723.386
theguardian 228 3147398 20 0 512 6 http 1 1116.483
go 55 1877076 80 0 2048 1 http 3 7319.824
theguardian 228 3147398 80 0 0 1 http 1 21908.414
stackoverflow 24 600434 20 0.015 2048 18 http 2 534.306
go 55 1877076 20 0.03 2048 1 http 1 8103.386
theguardian 228 3147398 20 0 2048 6 http 3 1159.282
go 55 1877076 80 0 512 6 http 2 2118.569
theguardian 228 3147398 194 0.03 0 6 http 1 35653.087
go 55 1877076 20 0.03 0 1 http 2 7734.809
theguardian 228 3147398 20 0 2048 18 http 0 712.355
go 55 1877076 194 0.03 2048 6 http 1 21683.085
theguardian 228 3147398 80 0.03 2048 1 http 0 61171.686
theguardian 228 3147398 20 0 0 1 http 0 5248.029
stackoverflow 24 600434 194 0 2048 1 http 0 7842.337
stackoverflow 24 600434 194 0.015 2048 6 http 1 8732.305
theguardian 228 3147398 80 0.015 0 6 http 4 9389.782
go 55 1877076 80 0 512 6 http 4 1991.372
stackoverflow 24 600434 80 0 512 6 http 4 1302.197
go 55 1877076 194 0.03 0 6 http 2 19262.75
stackoverflow 24 600434 80 0 0 18 http 3 1448.251
stackoverflow 24 600434 194 0.015 2048 6 http 4 7222.339
go 55 1877076 194 0.015 2048 1 http 3 37531.333
go 55 1877076 194 0 0 18 http 1 4312.299
stackoverflow 24 600434 20 0 2048 1 http 0 1202.981
stackoverflow 24 600434 194 0.015 512 6 http 1 7000.946
theguardian 228 3147398 20 0.03 0 6 http 0 4749.594
theguardian 228 3147398 80 0.015 512 18 http 4 5879.469
theguardian 228 3147398 194 0.015 2048 1 http 3 99835.217
go 55 1877076 20 0 2048 6 http 4 514.242
theguardian 228 3147398 194 0.03 512 18 http 1 18981.802
stackoverflow 24 600434 80 0.03 2048 6 http 4 3572.185
stackoverflow 24 600434 20 0.03 2048 18 http 1 4302.623
stackoverflow 24 600434 194 0.03 2048 6 http 3 7760.892
theguardian 228 3147398 20 0 512 18 http 3 758.737
theguardian 228 3147398 20 0.03 2048 1 http 0 17774.934
go 55 1877076 80 0 2048 6 http 1 2103.112
theguardian 228 3147398 80 0 512 6 http 2 4624.09
theguardian 228 3147398 194 0.015 512 1 http 3 113305.111
go 55 1877076 194 0.015 512 6 http 1 13161.524
theguardian 228 3147398 80 0.015 2048 18 http 2 5061.469
stackoverflow 24 600434 80 0.03 0 6 http 1 4356.073
theguardian 228 3147398 80 0.03 0 1 http 4 60673.805
go 55 1877076 194 0.03 512 6 http 1 16198.289
go 55 1877076 80 0.03 2048 6 http 2 7534.147
stackoverflow 24 600434 80 0.015 0 18 http 4 4582.923
stackoverflow 24 600434 20 0.015 0 18 http 1 2266.98
go 55 1877076 20 0.015 2048 1 http 1 5832.153
theguardian 228 3147398 80 0.015 0 6 http 0 9962.904
stackoverflow 24 600434 80 0 512 1 http 2 3380.316
go 55 1877076 80 0.015 2048 6 http 3 4448.526
stackoverflow 24 600434 80 0.03 2048 18 http 2 4333.252
theguardian 228 3147398 80 0 0 18 http 2 2528.228
go 55 1877076 20 0.03 2048 6 http 4 2630.938
go 55 1877076 20 0.015 2048 1 http 2 4989.83
stackoverflow 24 600434 20 0.015 512 6 http 1 612.158
stackoverflow 24 600434 80 0.015 2048 1 http 4 13437.108
go 55 1877076 80 0 2048 18 http 4 1706.938
go 55 1877076 80 0.015 2048 18 http 4 4280.736
go 55 1877076 20 0.03 512 1 http 2 7569.091
theguardian 228 3147398 80 0.015 512 6 http 4 8745.089
theguardian 228 3147398 20 0.03 0 6 http 3 3807.799
go 55 1877076 20 0.03 0 6 http 2 3944.565
stackoverflow 24 600434 80 0 512 18 http 0 1380.502
theguardian 228 3147398 194 0.03 2048 6 http 3 29164.247
go 55 1877076 80 0.03 512 6 http 0 7558.714
go 55 1877076 194 0.03 2048 18 http 4 15590.495
go 55 1877076 194 0 0 6 http 3 5904.91
stackoverflow 24 600434 194 0.03 512 6 http 0 12061.162
theguardian 228 3147398 80 0 512 18 http 2 2524.817
stackoverflow 24 600434 194 0 512 18 http 1 3132.367
stackoverflow 24 600434 80 0.03 2048 6 http 1 3095.923
stackoverflow 24 600434 80 0 2048 18 http 1 1384.917
theguardian 228 3147398 194 0.015 512 6 http 0 21697.197
theguardian 228 3147398 194 0 0 6 http 3 10751.037
go 55 1877076 80 0 0 1 http 0 8115.584
stackoverflow 24 600434 194 0 512 1 http 3 7851.432
stackoverflow 24 600434 20 0.015 512 18 http 4 1861.629
go 55 1877076 80 0.03 512 6 http 1 9820.439
theguardian 228 3147398 20 0.03 0 1 http 4 16301.012
theguardian 228 3147398 194 0.03 512 18 http 0 21339.163
theguardian 228 3147398 80 0 0 1 http 3 23281.371
go 55 1877076 80 0 0 6 http 3 2602.89
go 55 1877076 194 0 0 6 http 4 5126.428
theguardian 228 3147398 194 0.03 512 18 http 4 17564.514
stackoverflow 24 600434 20 0 0 6 http 1 415.457
stackoverflow 24 600434 20 0 512 1 http 2 628.275
stackoverflow 24 600434 194 0.015 512 1 http 2 12751.497
go 55 1877076 80 0.03 0 18 http 0 5456.518
go 55 1877076 20 0 512 18 http 0 533.2
theguardian 228 3147398 80 0.015 512 6 http 2 9100.051
theguardian 228 3147398 194 0.015 512 18 http 2 14838.016
go 55 1877076 20 0 512 6 http 3 521.394
stackoverflow 24 600434 20 0.015 2048 6 http 1 730.848
go 55 1877076 20 0.03 0 18 http 4 1955.2
theguardian 228 3147398 20 0 2048 18 http 2 769.915
theguardian 228 3147398 80 0 2048 18 http 4 2466.414
go 55 1877076 194 0.015 0 6 http 2 12435.363
stackoverflow 24 600434 194 0.015 0 6 http 1 7605.378
stackoverflow 24 600434 20 0.015 0 18 http 3 2099.539
go 55 1877076 80 0.03 2048 18 http 1 7879.269
theguardian 228 3147398 80 0.015 2048 1 http 1 43665.531
theguardian 228 3147398 80 0.03 512 1 http 0 53042.157
stackoverflow 24 600434 20 0.015 0 6 http 1 1567.565
stackoverflow 24 600434 194 0.015 2048 18 http 2 8572.577
go 55 1877076 194 0.03 0 6 http 3 18684.649
theguardian 228 3147398 80 0 0 18 http 3 2562.477
stackoverflow 24 600434 20 0.015 0 6 http 3 1951.057
go 55 1877076 80 0.03 0 1 http 4 27549.404
go 55 1877076 80 0 512 1 http 1 8101.627
stackoverflow 24 600434 20 0 0 1 http 3 650.361
go 55 1877076 80 0 2048 6 http 2 2036.31
stackoverflow 24 600434 80 0.015 0 1 http 0 6845.41
theguardian 228 3147398 20 0.03 0 6 http 2 4128.161
theguardian 228 3147398 194 0 2048 6 http 1 10421.897
stackoverflow 24 600434 20 0.015 0 1 http 0 2911.644
theguardian 228 3147398 80 0.03 512 18 http 3 8732.757
theguardian 228 3147398 20 0 512 1 http 2 5156.166
go 55 1877076 20 0.03 0 6 http 0 3765.641
theguardian 228 3147398 20 0.015 2048 6 http 2 2839.112
stackoverflow 24 600434 20 0.015 512 18 http 0 1825.068
theguardian 228 3147398 194 0.015 512 6 http 4 20880.88
go 55 1877076 194 0.015 512 1 http 2 45532.664
stackoverflow 24 600434 20 0 0 18 http 1 303.652
go 55 1877076 194 0 2048 1 http 3 17780.883
stackoverflow 24 600434 194 0.03 0 18 http 3 10530.534
theguardian 228 3147398 20 0 512 1 http 1 5908.828
go 55 1877076 194 0 2048 1 http 1 25743.821
go 55 1877076 20 0 2048 1 http 2 1489.66
go 55 1877076 80 0 2048 6 http 4 1970.98
stackoverflow 24 600434 194 0.015 512 6 http 3 8155.646
theguardian 228 3147398 80 0 2048 6 http 3 4517.084
go 55 1877076 20 0.015 512 18 http 0 1553.604
go 55 1877076 194 0.03 512 6 http 2 20490.571
theguardian 228 3147398 194 0.03 0 1 http 4 126772.682
theguardian 228 3147398 20 0.015 0 18 http 1 1793.963
theguardian 228 3147398 20 0.015 512 18 http 4 2703.787
go 55 1877076 194 0.015 2048 18 http 2 14656.993
stackoverflow 24 600434 80 0 2048 1 http 4 3221.983
go 55 1877076 20 0.03 2048 18 http 1 2196.982
theguardian 228 3147398 80 0.015 512 1 http 4 42651.45
go 55 1877076 194 0.015 0 18 http 3 8996.099
