theguardian 228 3147398 80 0.015 2048 1 http 4 40097.178
theguardian 228 3147398 20 0 0 6 http 4 1153.989
theguardian 228 3147398 800 0 0 18 http 3 34467.007
go 55 1877076 800 0.015 2048 18 http 2 37620.163
theguardian 228 3147398 20 0 512 18 http 0 786.705
go 55 1877076 194 0 2048 18 http 1 4195.058
go 55 1877076 194 0.015 2048 6 http 0 16034.048
go 55 1877076 194 0.03 2048 6 http 1 21683.085
stackoverflow 24 600434 80 0 2048 1 http 2 3318.848
theguardian 228 3147398 800 0 0 6 http 1 44882.101
go 55 1877076 194 0.03 0 1 http 3 52907.654
stackoverflow 24 600434 800 0.03 512 18 http 2 42029.833
stackoverflow 24 600434 194 0.03 512 1 http 0 19178.126
stackoverflow 24 600434 194 0 0 6 http 2 3744.492
go 55 1877076 194 0.015 0 6 http 2 12435.363
stackoverflow 24 600434 80 0 2048 1 http 3 3349.23
stackoverflow 24 600434 20 0 0 6 http 4 415.647
stackoverflow 24 600434 80 0.03 512 1 http 4 8635.944
stackoverflow 24 600434 800 0.03 2048 6 http 4 45604.114
theguardian 228 3147398 20 0.03 2048 1 http 1 22525.075
go 55 1877076 20 0.015 2048 18 http 3 2388.488
go 55 1877076 194 0.015 2048 18 http 4 9967.085
theguardian 228 3147398 194 0 512 1 http 4 50117.974
stackoverflow 24 600434 800 0 0 6 http 3 14420.94
go 55 1877076 800 0 2048 1 http 3 63411.408
theguardian 228 3147398 800 0.03 512 6 http 2 111542.021
theguardian 228 3147398 20 0.03 0 1 http 1 19605.606
stackoverflow 24 600434 80 0 0 6 http 0 1534.917
theguardian 228 3147398 194 0.03 2048 18 http 3 21360.584
theguardian 228 3147398 800 0.015 0 6 http 3 94910.484
theguardian 228 3147398 800 0.03 2048 18 http 1 59311.241
theguardian 228 3147398 800 0.03 2048 6 http 2 122343.2
go 55 1877076 800 0 512 6 http 1 23237.705
theguardian 228 3147398 194 0.03 512 6 http 1 27022.013
stackoverflow 24 600434 80 0.03 2048 1 http 3 9230.389
go 55 1877076 20 0 512 6 http 1 573.359
go 55 1877076 80 0.03 512 1 http 1 22956.476
go 55 1877076 800 0.03 512 18 http 2 53368.244
theguardian 228 3147398 80 0.03 512 18 http 3 8732.757
theguardian 228 3147398 800 0.03 512 1 http 2 558226.367
stackoverflow 24 600434 800 0.03 0 6 http 4 49336.878
stackoverflow 24 600434 20 0.03 512 1 http 3 4176.235
stackoverflow 24 600434 194 0.03 2048 18 http 1 9214.593
stackoverflow 24 600434 20 0.015 2048 6 http 3 1007.412
theguardian 228 3147398 194 0.03 0 6 http 4 27017.192
theguardian 228 3147398 80 0.03 0 18 http 0 7373.599
go 55 1877076 194 0.015 2048 18 http 0 12882.632
go 55 1877076 194 0 0 18 http 2 3983.737
go 55 1877076 194 0.03 2048 6 http 0 22388.496
stackoverflow 24 600434 20 0.03 512 18 http 2 1876.474
go 55 1877076 80 0 512 6 http 1 2373.836
stackoverflow 24 600434 80 0 0 18 http 3 1448.251
go 55 1877076 80 0 512 18 http 0 1813.35
go 55 1877076 194 0 0 1 http 0 19594.885
go 55 1877076 800 0.03 2048 18 http 3 61021.76
theguardian 228 3147398 20 0 512 1 http 1 5908.828
go 55 1877076 800 0.03 0 1 http 0 219454.446
go 55 1877076 80 0 2048 1 http 1 7356.9
theguardian 228 3147398 20 0.015 2048 1 http 2 13587.9
go 55 1877076 20 0 0 6 http 3 532.616
go 55 1877076 194 0 512 18 http 2 3970.395
stackoverflow 24 600434 194 0.015 512 18 http 2 8165.615
go 55 1877076 80 0 512 18 http 4 1734.434
theguardian 228 3147398 80 0.03 512 6 http 2 16294.881
theguardian 228 3147398 20 0.03 0 18 http 4 2549.37
stackoverflow 24 600434 800 0.015 2048 18 http 2 28007.471
theguardian 228 3147398 20 0.015 2048 18 http 3 1719.791
go 55 1877076 800 0.015 512 1 http 1 173127.635
stackoverflow 24 600434 800 0 0 6 http 2 13594.45
go 55 1877076 80 0 2048 1 http 0 7473.001
stackoverflow 24 600434 80 0 512 18 http 4 1397.489
go 55 1877076 80 0 2048 18 http 0 1579.808
go 55 1877076 800 0.03 2048 18 http 1 49074.456
theguardian 228 3147398 800 0.03 0 18 http 4 77396.933
theguardian 228 3147398 20 0.03 512 6 http 1 4462.867
stackoverflow 24 600434 194 0.03 0 18 http 1 6990.636
stackoverflow 24 600434 20 0.015 512 6 http 0 715.697
go 55 1877076 20 0.015 2048 6 http 3 1427.903
go 55 1877076 194 0.015 0 18 http 4 10495.357
stackoverflow 24 600434 20 0 2048 1 http 3 683.986
stackoverflow 24 600434 20 0.015 512 6 http 4 1059.166
theguardian 228 3147398 194 0.015 512 1 http 2 95967.825
theguardian 228 3147398 800 0.015 2048 18 http 0 48448.437
stackoverflow 24 600434 20 0 0 18 http 0 343.774
theguardian 228 3147398 800 0.03 512 18 http 2 81196.149
theguardian 228 3147398 800 0.03 0 1 http 2 505003.586
go 55 1877076 20 0.015 512 1 http 2 5563.393
go 55 1877076 194 0 512 1 http 1 17843.89
go 55 1877076 20 0.015 2048 1 http 1 5832.153
theguardian 228 3147398 800 0.03 2048 1 http 0 549207.97
theguardian 228 3147398 194 0.015 0 1 http 0 92873.538
theguardian 228 3147398 194 0.03 2048 1 http 1 144975.473
theguardian 228 3147398 800 0.03 2048 1 http 2 524788.886
go 55 1877076 20 0.03 2048 1 http 3 8843.296
stackoverflow 24 600434 80 0.015 2048 1 http 2 5394.183
stackoverflow 24 600434 80 0.015 512 1 http 2 6597.519
theguardian 228 3147398 80 0.03 512 18 http 0 7951.368
go 55 1877076 800 0.03 2048 6 http 2 77858.473
stackoverflow 24 600434 20 0 2048 1 http 2 630.577
theguardian 228 3147398 800 0 2048 6 http 1 45662.037
go 55 1877076 194 0.015 0 18 http 1 11460.557
go 55 1877076 80 0.015 0 18 http 1 6217.085
theguardian 228 3147398 800 0 0 6 http 0 44094.654
go 55 1877076 20 0.015 0 6 http 0 1567.785
go 55 1877076 80 0.015 0 18 http 4 4960.489
stackoverflow 24 600434 80 0.015 0 6 http 0 2628.139
theguardian 228 3147398 20 0.03 0 6 http 0 4749.594
go 55 1877076 800 0 512 6 http 4 22510.478
theguardian 228 3147398 194 0.015 512 6 http 4 20880.88
go 55 1877076 80 0.03 2048 6 http 3 7688.74
theguardian 228 3147398 20 0.015 512 18 http 0 1598.587
go 55 1877076 800 0.03 512 1 http 3 272471.739
stackoverflow 24 600434 194 0 0 18 http 4 3124.112
theguardian 228 3147398 800 0 512 1 http 0 205276.186
stackoverflow 24 600434 20 0.03 512 6 http 3 1198.334
theguardian 228 3147398 80 0.015 512 6 http 0 8428.086
theguardian 228 3147398 80 0.03 2048 18 http 0 9806.552
theguardian 228 3147398 194 0.03 2048 6 http 4 35118.014
theguardian 228 3147398 20 0.03 2048 1 http 3 21173.067
theguardian 228 3147398 80 0.03 2048 6 http 3 13411.491
stackoverflow 24 600434 20 0.015 0 6 http 1 1567.565
theguardian 228 3147398 800 0.015 512 6 http 3 91775.086
theguardian 228 3147398 20 0.03 2048 18 http 4 2771.946
stackoverflow 24 600434 20 0.03 512 1 http 1 2967.847
go 55 1877076 80 0.015 0 1 http 2 17703.118
go 55 1877076 20 0 0 18 http 1 488.889
stackoverflow 24 600434 194 0 512 1 http 0 7987.804
theguardian 228 3147398 800 0.015 512 18 http 3 59039.972
go 55 1877076 80 0 0 1 http 2 8291.609
theguardian 228 3147398 20 0.03 512 1 http 3 19996.369
go 55 1877076 800 0 0 18 http 0 19240.604
stackoverflow 24 600434 20 0 2048 18 http 3 338.437
go 55 1877076 800 0 2048 6 http 4 20925.68
theguardian 228 3147398 194 0.03 512 18 http 4 17564.514
stackoverflow 24 600434 194 0.015 512 1 http 0 13467.249
theguardian 228 3147398 20 0 512 1 http 0 6345.089
theguardian 228 3147398 80 0.03 0 6 http 0 15481.219
stackoverflow 24 600434 80 0.03 0 18 http 0 4967.621
theguardian 228 3147398 80 0.03 512 18 http 1 5899.749
go 55 1877076 80 0.015 2048 1 http 1 18971.325
theguardian 228 3147398 194 0.015 2048 18 http 1 15042.235
theguardian 228 3147398 20 0 512 6 http 1 1116.483
stackoverflow 24 600434 800 0.015 2048 18 http 3 34315.309
stackoverflow 24 600434 194 0.015 2048 6 http 0 8990.107
stackoverflow 24 600434 800 0 2048 18 http 1 19209.726
stackoverflow 24 600434 80 0.03 512 6 http 4 5319.758
theguardian 228 3147398 800 0 512 18 http 3 33687.525
stackoverflow 24 600434 20 0.03 2048 18 http 4 1279.335
stackoverflow 24 600434 20 0 512 1 http 3 650.754
go 55 1877076 194 0.03 2048 6 http 2 19061.802
go 55 1877076 800 0.03 0 1 http 1 275593.238
theguardian 228 3147398 194 0.015 0 6 http 0 27907.282
theguardian 228 3147398 800 0.03 2048 6 http 4 127110.498
theguardian 228 3147398 194 0.015 2048 18 http 4 15431.736
stackoverflow 24 600434 194 0 512 6 http 0 3743.28
go 55 1877076 80 0.03 512 18 http 4 6304.263
theguardian 228 3147398 194 0 2048 18 http 4 5536.529
go 55 1877076 194 0.03 0 6 http 1 18335.039
theguardian 228 3147398 800 0.015 0 6 http 0 96127.963
stackoverflow 24 600434 800 0.03 2048 18 http 4 32819.82
go 55 1877076 194 0.015 512 1 http 1 46059.619
theguardian 228 3147398 80 0.015 0 6 http 4 9389.782
go 55 1877076 194 0.03 0 18 http 0 13793.971
stackoverflow 24 600434 194 0 0 1 http 4 8744.097
go 55 1877076 800 0 2048 1 http 1 66570.735
stackoverflow 24 600434 80 0.015 2048 18 http 2 3165.146
go 55 1877076 20 0.03 0 1 http 2 7734.809
go 55 1877076 194 0.03 512 1 http 1 65398.647
go 55 1877076 80 0 512 1 http 1 8101.627
theguardian 228 3147398 20 0.015 0 6 http 1 4245.526
go 55 1877076 800 0.015 512 18 http 1 53387.589
stackoverflow 24 600434 80 0 512 6 http 1 1470.709
theguardian 228 3147398 80 0.03 0 6 http 3 12786.378
stackoverflow 24 600434 194 0 2048 6 http 0 3118.204
stackoverflow 24 600434 20 0.015 0 1 http 1 2414.063
go 55 1877076 20 0.015 0 18 http 1 1935.187
theguardian 228 3147398 20 0.03 512 6 http 0 4237.863
go 55 1877076 800 0.03 2048 1 http 0 271803.023
go 55 1877076 20 0.015 0 18 http 2 1265.917
stackoverflow 24 600434 194 0.015 512 18 http 0 7786.008
theguardian 228 3147398 800 0.015 0 1 http 2 380710.885
go 55 1877076 80 0.015 512 6 http 0 6277.46
theguardian 228 3147398 80 0.015 2048 18 http 3 5430.931
stackoverflow 24 600434 20 0.015 2048 6 http 4 610.886
stackoverflow 24 600434 194 0.03 0 18 http 2 6629.837
theguardian 228 3147398 194 0 512 18 http 0 5957.741
theguardian 228 3147398 80 0.015 512 1 http 3 43018.246
theguardian 228 3147398 194 0.03 0 18 http 0 19982.121
theguardian 228 3147398 800 0 512 6 http 0 45736.792
go 55 1877076 80 0.015 2048 6 http 2 4537.458
theguardian 228 3147398 800 0.03 512 6 http 0 117802.54
theguardian 228 3147398 194 0.03 0 1 http 2 127964.516
theguardian 228 3147398 80 0.015 2048 18 http 4 6274.964
theguardian 228 3147398 194 0.015 0 18 http 2 16168.008
go 55 1877076 80 0 0 6 http 0 2668.116
stackoverflow 24 600434 194 0.03 512 6 http 1 8573.398
stackoverflow 24 600434 20 0 2048 18 http 1 314.641
go 55 1877076 20 0.015 0 1 http 1 5790.215
go 55 1877076 194 0.015 0 6 http 3 13045.044
go 55 1877076 80 0.015 0 6 http 4 5777.751
go 55 1877076 194 0.015 0 18 http 3 8996.099
theguardian 228 3147398 194 0 512 18 http 1 5747.817
go 55 1877076 20 0.03 2048 6 http 3 2928.986
stackoverflow 24 600434 194 0 2048 1 http 2 7700.468
go 55 1877076 20 0.03 512 6 http 4 2105.771
stackoverflow 24 600434 800 0.015 2048 18 http 1 24847.616
stackoverflow 24 600434 80 0.015 0 1 http 2 6268.598
go 55 1877076 194 0.03 512 6 http 1 16198.289
go 55 1877076 800 0 0 1 http 2 77827.117
go 55 1877076 80 0.015 2048 1 http 0 14342.403
theguardian 228 3147398 194 0.015 0 6 http 4 22467.37
stackoverflow 24 600434 20 0.03 0 1 http 2 2367.391
stackoverflow 24 600434 80 0 0 18 http 1 1448.607
stackoverflow 24 600434 20 0 0 6 http 1 415.457
stackoverflow 24 600434 20 0.03 512 18 http 1 1229.351
stackoverflow 24 600434 20 0 0 18 http 2 338.941
stackoverflow 24 600434 800 0.015 2048 6 http 1 24030.444
go 55 1877076 80 0.015 512 18 http 0 4346.536
theguardian 228 3147398 800 0.015 2048 18 http 2 47291.903
go 55 1877076 80 0.015 0 18 http 2 3770.067
theguardian 228 3147398 20 0.03 512 6 http 4 4167.227
stackoverflow 24 600434 194 0.015 0 18 http 4 6675.119
go 55 1877076 800 0 0 18 http 2 19275.904
stackoverflow 24 600434 80 0 512 18 http 0 1380.502
stackoverflow 24 600434 20 0.03 512 18 http 3 2086.321
stackoverflow 24 600434 800 0.015 2048 6 http 0 24311.081
go 55 1877076 20 0 2048 6 http 4 514.242
go 55 1877076 800 0 0 18 http 3 20048.536
stackoverflow 24 600434 80 0.015 2048 6 http 1 3286.284
theguardian 228 3147398 194 0.03 2048 1 http 2 134563.779
go 55 1877076 80 0.03 0 1 http 1 25512.394
stackoverflow 24 600434 800 0.015 512 1 http 4 72372.963
stackoverflow 24 600434 80 0.03 512 18 http 2 4789.047
go 55 1877076 20 0.03 512 6 http 3 2563.71
stackoverflow 24 600434 20 0 2048 1 http 4 888.45
theguardian 228 3147398 800 0 512 6 http 4 47277.126
go 55 1877076 20 0.015 2048 6 http 2 1247.56
go 55 1877076 80 0 512 6 http 3 2186.798
theguardian 228 3147398 80 0.03 512 6 http 1 15980.91
stackoverflow 24 600434 80 0.015 0 18 http 0 3451.862
go 55 1877076 80 0.03 0 6 http 4 9257.824
go 55 1877076 194 0 512 18 http 3 3774.29
go 55 1877076 80 0.015 0 6 http 2 5694.957
go 55 1877076 194 0 512 18 http 0 3934.52
stackoverflow 24 600434 194 0.015 2048 18 http 4 8162.101
theguardian 228 3147398 800 0.03 0 18 http 0 70332.38
stackoverflow 24 600434 80 0 0 1 http 2 3641.267
theguardian 228 3147398 194 0.03 2048 6 http 2 29230.721
go 55 1877076 80 0.015 0 18 http 0 4228.469
go 55 1877076 800 0 0 6 http 0 25727.808
theguardian 228 3147398 800 0.03 512 6 http 3 125664.182
theguardian 228 3147398 80 0 512 1 http 4 22711.339
stackoverflow 24 600434 194 0.03 2048 1 http 4 17991.771
theguardian 228 3147398 800 0.03 0 6 http 1 117220.742
stackoverflow 24 600434 800 0.015 2048 1 http 1 74455.848
theguardian 228 3147398 800 0.015 2048 6 http 4 96029.443
stackoverflow 24 600434 80 0.015 0 1 http 0 6845.41
stackoverflow 24 600434 80 0.03 2048 6 http 0 4265.516
stackoverflow 24 600434 800 0.03 0 1 http 3 81622.059
stackoverflow 24 600434 800 0 2048 6 http 3 15269.968
stackoverflow 24 600434 20 0.015 512 1 http 2 1662.504
theguardian 228 3147398 20 0 2048 6 http 3 1159.282
stackoverflow 24 600434 194 0 0 18 http 1 3124.027
theguardian 228 3147398 20 0 2048 6 http 1 1176.034
go 55 1877076 194 0.03 0 1 http 2 59555.736
stackoverflow 24 600434 194 0 512 18 http 2 3319.642
go 55 1877076 80 0.03 2048 1 http 2 24273.908
theguardian 228 3147398 80 0.015 2048 1 http 3 45480.103
theguardian 228 3147398 194 0.015 0 18 http 1 17597.036
theguardian 228 3147398 20 0 2048 18 http 4 819.152
stackoverflow 24 600434 194 0.015 0 18 http 1 8738.605
theguardian 228 3147398 194 0.015 2048 18 http 2 14649.701
go 55 1877076 800 0.03 2048 18 http 2 68020.082
go 55 1877076 194 0.015 512 18 http 3 8982.083
stackoverflow 24 600434 194 0.03 512 18 http 1 9553.199
go 55 1877076 194 0.015 0 1 http 0 44895.508
stackoverflow 24 600434 20 0 0 6 http 0 412.019
stackoverflow 24 600434 800 0 512 6 http 4 16010.878
stackoverflow 24 600434 20 0.015 2048 1 http 0 1321.641
stackoverflow 24 600434 20 0.03 512 1 http 2 3285.479
go 55 1877076 80 0.015 2048 6 http 3 4448.526
go 55 1877076 20 0 512 18 http 2 474.697
go 55 1877076 194 0.015 512 18 http 1 8945.177
go 55 1877076 80 0.03 0 1 http 3 30971.952
theguardian 228 3147398 80 0.015 0 18 http 4 5465.743
stackoverflow 24 600434 194 0 2048 18 http 1 3324.323
stackoverflow 24 600434 20 0.015 0 1 http 2 2428.917
theguardian 228 3147398 20 0 0 1 http 1 5204.218
stackoverflow 24 600434 80 0.03 0 6 http 3 5425.874
stackoverflow 24 600434 800 0.015 2048 6 http 3 28011.906
stackoverflow 24 600434 800 0.015 2048 18 http 4 24700.787
theguardian 228 3147398 80 0 0 6 http 3 4629.093
stackoverflow 24 600434 80 0.03 2048 18 http 2 4333.252
theguardian 228 3147398 20 0.015 0 6 http 2 2627.293
go 55 1877076 800 0 2048 18 http 1 26486.869
stackoverflow 24 600434 20 0 0 6 http 2 406.797
stackoverflow 24 600434 80 0.03 512 6 http 0 3831.951
theguardian 228 3147398 194 0.03 0 18 http 1 24003.898
go 55 1877076 194 0.015 0 18 http 2 11465.187
stackoverflow 24 600434 20 0.03 2048 6 http 4 1899.731
theguardian 228 3147398 194 0.015 512 6 http 0 21697.197
theguardian 228 3147398 80 0 0 1 http 1 21908.414
go 55 1877076 20 0.03 0 6 http 3 2203.978
go 55 1877076 194 0 512 6 http 0 4968.053
stackoverflow 24 600434 194 0 512 1 http 1 7777.173
theguardian 228 3147398 194 0.015 2048 6 http 1 22445.903
theguardian 228 3147398 800 0.015 512 1 http 2 460887.094
go 55 1877076 20 0 2048 6 http 1 576.239
go 55 1877076 80 0 0 18 http 1 1684.733
theguardian 228 3147398 80 0.015 0 1 http 2 41710.618
go 55 1877076 80 0.015 0 6 http 0 4541.935
go 55 1877076 20 0.03 0 18 http 0 1508.095
stackoverflow 24 600434 800 0.015 0 6 http 2 28848.056
go 55 1877076 194 0 0 1 http 3 19724.959
theguardian 228 3147398 800 0.015 512 1 http 4 381720.909
stackoverflow 24 600434 800 0 2048 18 http 2 20814.806
stackoverflow 24 600434 800 0.03 0 6 http 3 38620.072
stackoverflow 24 600434 800 0 2048 6 http 0 16028.026
go 55 1877076 194 0 2048 18 http 4 3949.438
go 55 1877076 194 0.03 512 1 http 3 62426.544
theguardian 228 3147398 20 0 512 6 http 3 1172.53
stackoverflow 24 600434 800 0.015 512 18 http 1 28805.79
go 55 1877076 20 0 2048 6 http 3 546.367
go 55 1877076 800 0.03 2048 18 http 0 57214.462
go 55 1877076 194 0 512 1 http 2 17875.417
theguardian 228 3147398 800 0.015 2048 6 http 0 81692.992
theguardian 228 3147398 20 0.03 2048 1 http 4 18993.745
go 55 1877076 194 0 0 6 http 3 5904.91
theguardian 228 3147398 194 0.015 512 18 http 0 16040.218
go 55 1877076 80 0.015 512 18 http 4 6809.919
go 55 1877076 800 0.015 2048 1 http 3 191724.902
stackoverflow 24 600434 20 0 0 18 http 1 303.652
go 55 1877076 80 0.015 2048 1 http 4 20890.203
go 55 1877076 800 0.03 0 1 http 2 257544.071
theguardian 228 3147398 20 0 512 18 http 4 754.944
go 55 1877076 20 0.015 0 1 http 3 5018.97
go 55 1877076 194 0 512 1 http 4 17910.375
go 55 1877076 800 0.015 2048 6 http 0 76570.109
theguardian 228 3147398 80 0.015 512 1 http 2 39495.351
stackoverflow 24 600434 800 0.015 0 18 http 3 29007.833
go 55 1877076 194 0.03 512 18 http 3 13649.108
theguardian 228 3147398 80 0 512 6 http 2 4624.09
theguardian 228 3147398 20 0 0 1 http 4 5126.343
go 55 1877076 80 0 0 6 http 1 2711.065
stackoverflow 24 600434 800 0.015 512 18 http 3 25645.616
theguardian 228 3147398 20 0.03 512 18 http 0 2461.96
theguardian 228 3147398 800 0 512 18 http 1 34496.859
theguardian 228 3147398 20 0.03 2048 6 http 0 4107.371
go 55 1877076 20 0.03 2048 18 http 3 2023.214
stackoverflow 24 600434 194 0 0 1 http 0 8963.931
go 55 1877076 194 0.015 512 6 http 4 12705.761
theguardian 228 3147398 800 0.03 512 6 http 1 128782.253
go 55 1877076 800 0.015 512 6 http 2 47271.276
go 55 1877076 80 0.015 512 1 http 2 17413.152
theguardian 228 3147398 20 0.03 512 1 http 1 17762.589
theguardian 228 3147398 20 0 512 1 http 2 5156.166
theguardian 228 3147398 80 0 0 6 http 2 4637.737
stackoverflow 24 600434 800 0.015 512 18 http 4 27212.624
go 55 1877076 800 0 512 1 http 4 71424.555
theguardian 228 3147398 194 0 512 18 http 4 5749.124
go 55 1877076 80 0.03 0 18 http 3 7668.726
theguardian 228 3147398 194 0 0 6 http 0 10754.135
go 55 1877076 80 0 0 18 http 0 1656.561
go 55 1877076 80 0.03 0 6 http 1 7900.379
stackoverflow 24 600434 80 0.015 0 6 http 2 3192.008
go 55 1877076 800 0.03 2048 18 http 4 70652.588
stackoverflow 24 600434 800 0.03 2048 1 http 4 97639.14
theguardian 228 3147398 80 0.03 2048 1 http 4 61170.537
go 55 1877076 20 0.03 0 1 http 0 7837.44
go 55 1877076 20 0.03 512 1 http 2 7569.091
theguardian 228 3147398 20 0.015 512 6 http 4 2800.959
go 55 1877076 194 0.015 2048 1 http 0 50060.516
stackoverflow 24 600434 194 0 512 18 http 0 3316.96
go 55 1877076 800 0 0 6 http 4 20906.105
go 55 1877076 800 0.03 0 6 http 0 68754.112
stackoverflow 24 600434 194 0.015 0 6 http 4 6038.495
stackoverflow 24 600434 194 0.015 512 18 http 3 5856.26
stackoverflow 24 600434 800 0.03 2048 1 http 2 65092.727
go 55 1877076 20 0.015 2048 18 http 4 1715.676
go 55 1877076 194 0.015 2048 1 http 2 36120.787
theguardian 228 3147398 80 0.03 2048 6 http 4 12916.683
theguardian 228 3147398 20 0.03 2048 18 http 0 2063.225
stackoverflow 24 600434 20 0.03 0 18 http 0 1246.873
stackoverflow 24 600434 800 0.03 512 1 http 3 73962.797
theguardian 228 3147398 194 0 2048 6 http 2 10184.165
theguardian 228 3147398 194 0.015 512 1 http 0 113645.39
theguardian 228 3147398 194 0 0 6 http 2 10738.18
go 55 1877076 194 0 2048 6 http 2 4698.745
go 55 1877076 800 0 0 18 http 1 20072.678
theguardian 228 3147398 20 0.015 0 1 http 1 12414.287
theguardian 228 3147398 80 0.03 512 1 http 2 62088.708
stackoverflow 24 600434 80 0 2048 18 http 1 1384.917
theguardian 228 3147398 800 0.03 512 1 http 3 551625.849
stackoverflow 24 600434 80 0.015 2048 1 http 4 13437.108
go 55 1877076 800 0.03 2048 6 http 1 81097.004
go 55 1877076 800 0 512 1 http 2 69745.477
theguardian 228 3147398 800 0.015 2048 1 http 0 420995.281
go 55 1877076 800 0.03 2048 1 http 3 263428.417
stackoverflow 24 600434 20 0 2048 18 http 2 348.8
go 55 1877076 20 0.03 512 18 http 3 1861.007
theguardian 228 3147398 800 0 2048 18 http 3 37671.078
stackoverflow 24 600434 194 0.015 2048 1 http 2 15480.228
stackoverflow 24 600434 80 0 2048 18 http 3 1379.918
theguardian 228 3147398 800 0.015 2048 1 http 4 432174.712
go 55 1877076 20 0 512 1 http 1 1455.14
theguardian 228 3147398 20 0 512 1 http 3 5811.83
stackoverflow 24 600434 194 0.015 0 18 http 3 7182.467
theguardian 228 3147398 80 0.015 512 6 http 3 10023.837
stackoverflow 24 600434 194 0 0 18 http 3 2735.056
theguardian 228 3147398 800 0 512 1 http 1 215934.031
theguardian 228 3147398 194 0.015 0 18 http 4 12012.235
stackoverflow 24 600434 194 0 512 1 http 2 7868.585
go 55 1877076 800 0.015 512 6 http 4 47215.463
go 55 1877076 800 0.015 2048 6 http 2 59994.552
theguardian 228 3147398 194 0.015 0 1 http 3 104194.117
theguardian 228 3147398 194 0.03 0 6 http 3 24399.833
stackoverflow 24 600434 80 0 512 1 http 4 3382.983
theguardian 228 3147398 80 0.03 512 1 http 0 53042.157
stackoverflow 24 600434 80 0 512 6 http 4 1302.197
stackoverflow 24 600434 194 0 512 18 http 3 3324.801
stackoverflow 24 600434 20 0.03 2048 18 http 0 2993.482
stackoverflow 24 600434 80 0.03 2048 6 http 3 3225.567
go 55 1877076 80 0.03 512 1 http 3 24882.389
theguardian 228 3147398 20 0.015 2048 18 http 4 1601.54
stackoverflow 24 600434 20 0.015 512 18 http 2 806.99
theguardian 228 3147398 20 0.03 0 6 http 2 4128.161
theguardian 228 3147398 20 0 0 18 http 2 675.49
stackoverflow 24 600434 20 0 512 18 http 1 365.768
theguardian 228 3147398 20 0 2048 1 http 4 11332.3
go 55 1877076 80 0.015 2048 18 http 1 5036.019
go 55 1877076 800 0.015 512 18 http 4 59303.798
stackoverflow 24 600434 80 0.03 0 18 http 4 4519.69
stackoverflow 24 600434 194 0 2048 1 http 3 7670.634
stackoverflow 24 600434 80 0.015 512 6 http 4 4234.027
stackoverflow 24 600434 20 0 2048 6 http 2 413.557
go 55 1877076 800 0.015 0 1 http 1 187337.42
theguardian 228 3147398 194 0.03 512 1 http 2 126798.829
theguardian 228 3147398 20 0 0 18 http 0 735.591
stackoverflow 24 600434 80 0.03 0 6 http 0 4771.052
stackoverflow 24 600434 20 0 512 1 http 4 637.372
theguardian 228 3147398 800 0.015 512 18 http 2 55252.724
stackoverflow 24 600434 80 0 0 1 http 0 3625.054
theguardian 228 3147398 80 0.015 0 18 http 0 6480.706
go 55 1877076 800 0.015 512 1 http 3 150674.426
stackoverflow 24 600434 194 0 2048 6 http 4 3705.05
go 55 1877076 20 0.015 2048 1 http 4 4854.108
go 55 1877076 194 0 2048 1 http 1 25743.821
stackoverflow 24 600434 800 0 512 1 http 3 30476.671
go 55 1877076 800 0.015 2048 1 http 0 131051.193
stackoverflow 24 600434 194 0 0 18 http 0 3316.801
go 55 1877076 80 0.015 2048 1 http 2 20583.213
theguardian 228 3147398 194 0.03 0 6 http 0 30354.414
go 55 1877076 80 0 512 18 http 1 1803.825
stackoverflow 24 600434 80 0.015 512 18 http 4 3490.647
go 55 1877076 194 0.015 512 1 http 4 47699.475
go 55 1877076 194 0.015 0 6 http 4 14483.762
theguardian 228 3147398 80 0 512 6 http 0 4366.659
stackoverflow 24 600434 800 0 512 1 http 1 31216.95
go 55 1877076 194 0 0 6 http 0 6096.154
theguardian 228 3147398 20 0 2048 18 http 3 740.383
theguardian 228 3147398 80 0 0 1 http 3 23281.371
theguardian 228 3147398 80 0.03 0 1 http 4 60673.805
theguardian 228 3147398 194 0 512 6 http 2 10253.186
go 55 1877076 80 0.015 512 6 http 4 5451.756
stackoverflow 24 600434 194 0.015 512 6 http 1 7000.946
stackoverflow 24 600434 80 0 512 1 http 2 3380.316
theguardian 228 3147398 80 0 0 18 http 1 2514.994
go 55 1877076 80 0.015 0 6 http 3 7817.112
stackoverflow 24 600434 194 0.03 2048 6 http 2 8170.184
go 55 1877076 20 0 0 18 http 0 474.725
go 55 1877076 194 0 0 1 http 2 19779.25
theguardian 228 3147398 194 0 0 1 http 0 52234.928
go 55 1877076 80 0.03 512 1 http 2 26659.766
go 55 1877076 80 0.015 512 1 http 4 20317.582
theguardian 228 3147398 194 0.03 0 18 http 2 20810.876
stackoverflow 24 600434 80 0.015 512 6 http 3 2966.287
theguardian 228 3147398 20 0.015 512 18 http 4 2703.787
theguardian 228 3147398 20 0 2048 18 http 0 712.355
theguardian 228 3147398 80 0.03 2048 6 http 2 12040.043
go 55 1877076 800 0.03 2048 1 http 4 241486.064
theguardian 228 3147398 20 0.015 0 18 http 1 1793.963
theguardian 228 3147398 20 0 512 18 http 2 708.798
go 55 1877076 20 0 512 6 http 2 506.691
theguardian 228 3147398 194 0.03 0 6 http 2 29966.789
stackoverflow 24 600434 800 0 2048 1 http 0 29696.216
theguardian 228 3147398 194 0.015 512 1 http 1 96156.073
stackoverflow 24 600434 80 0 0 1 http 1 3659.613
theguardian 228 3147398 20 0.03 0 18 http 2 2742.321
theguardian 228 3147398 80 0.015 512 18 http 0 6053.564
go 55 1877076 194 0 512 6 http 3 4722.192
go 55 1877076 20 0 512 1 http 3 1455.801
go 55 1877076 20 0.015 0 6 http 1 1594.192
go 55 1877076 80 0.03 512 6 http 0 7558.714
stackoverflow 24 600434 20 0 512 18 http 2 360.678
stackoverflow 24 600434 800 0.03 512 6 http 4 45254.435
theguardian 228 3147398 194 0.015 512 6 http 3 22779.021
stackoverflow 24 600434 194 0 512 6 http 3 3736.977
stackoverflow 24 600434 80 0.03 0 18 http 3 3401.091
stackoverflow 24 600434 20 0.015 0 1 http 3 2643.28
theguardian 228 3147398 194 0.03 512 6 http 3 31150.364
stackoverflow 24 600434 80 0.015 0 1 http 3 5985.373
theguardian 228 3147398 194 0 0 18 http 4 5751.796
go 55 1877076 20 0 2048 18 http 0 475.495
go 55 1877076 20 0 0 18 http 3 471.205
stackoverflow 24 600434 194 0.03 0 1 http 1 19530.148
theguardian 228 3147398 800 0 2048 18 http 1 37666.082
stackoverflow 24 600434 20 0.03 2048 6 http 3 2399.067
go 55 1877076 20 0.015 2048 6 http 0 1446.809
theguardian 228 3147398 80 0 2048 6 http 1 4371.769
go 55 1877076 800 0 512 1 http 3 70584.347
theguardian 228 3147398 194 0 0 1 http 4 53956.319
theguardian 228 3147398 80 0 2048 1 http 4 21152.568
theguardian 228 3147398 194 0 2048 1 http 0 53556.499
go 55 1877076 80 0.015 2048 6 http 1 4886.705
go 55 1877076 194 0.015 512 1 http 2 45532.664
theguardian 228 3147398 800 0 512 1 http 3 205066.758
stackoverflow 24 600434 20 0.03 0 6 http 4 1311.297
go 55 1877076 80 0.03 0 6 http 2 10669.771
stackoverflow 24 600434 194 0 512 1 http 3 7851.432
theguardian 228 3147398 800 0.03 512 18 http 3 77331.14
theguardian 228 3147398 194 0 0 18 http 2 5958.337
theguardian 228 3147398 194 0.03 0 18 http 3 24094.99
go 55 1877076 194 0.03 0 18 http 3 24866.554
theguardian 228 3147398 800 0.015 2048 6 http 1 82019.415
go 55 1877076 800 0 0 1 http 3 78685.113
stackoverflow 24 600434 194 0.03 512 6 http 2 10284.735
stackoverflow 24 600434 80 0 2048 1 http 0 3352.429
theguardian 228 3147398 800 0.015 0 6 http 4 89288.592
go 55 1877076 20 0.03 0 18 http 4 1955.2
stackoverflow 24 600434 800 0.015 2048 6 http 4 28215.21
go 55 1877076 194 0.03 512 6 http 0 22735.455
stackoverflow 24 600434 800 0.03 0 18 http 0 41062.743
go 55 1877076 80 0.03 2048 1 http 0 27910.961
go 55 1877076 800 0.03 2048 1 http 1 240375.137
stackoverflow 24 600434 800 0.03 0 6 http 2 41900.97
theguardian 228 3147398 20 0.03 2048 1 http 0 17774.934
go 55 1877076 20 0.015 512 1 http 1 5418.55
stackoverflow 24 600434 20 0.03 512 18 http 0 2661.693
theguardian 228 3147398 194 0.015 2048 18 http 3 15088.024
go 55 1877076 800 0 512 18 http 2 26418.965
theguardian 228 3147398 800 0.015 0 1 http 1 403741.085
go 55 1877076 800 0 0 6 http 1 24078.674
stackoverflow 24 600434 20 0.03 0 6 http 1 1190.81
stackoverflow 24 600434 80 0 0 18 http 2 1449.02
theguardian 228 3147398 800 0.015 0 1 http 3 407964.164
go 55 1877076 80 0 512 1 http 2 7895.492
go 55 1877076 20 0 512 6 http 0 547.652
theguardian 228 3147398 80 0 512 18 http 1 2426.873
theguardian 228 3147398 80 0.03 0 1 http 3 55770.445
stackoverflow 24 600434 194 0.03 512 1 http 4 22199.848
theguardian 228 3147398 194 0.015 0 18 http 3 12664.894
go 55 1877076 20 0.03 2048 6 http 2 2016.33
theguardian 228 3147398 800 0.03 2048 1 http 1 532047.568
theguardian 228 3147398 194 0.03 512 18 http 1 18981.802
go 55 1877076 80 0 2048 6 http 2 2036.31
stackoverflow 24 600434 194 0.03 0 6 http 2 11988.418
go 55 1877076 194 0 512 1 http 3 17723.618
go 55 1877076 80 0.03 0 18 http 0 5456.518
go 55 1877076 800 0 0 18 http 4 19280.617
theguardian 228 3147398 800 0.015 512 18 http 1 54873.208
stackoverflow 24 600434 194 0.015 512 18 http 4 5448.092
stackoverflow 24 600434 194 0.015 2048 1 http 3 17049.278
stackoverflow 24 600434 800 0.03 512 18 http 1 38402.998
go 55 1877076 20 0.015 0 6 http 2 1512.072
stackoverflow 24 600434 80 0.03 0 1 http 0 10886.58
stackoverflow 24 600434 194 0 0 6 http 1 3928.917
go 55 1877076 194 0 2048 6 http 0 4703.734
theguardian 228 3147398 194 0 512 1 http 1 50220.524
go 55 1877076 80 0 0 1 http 3 8286.859
stackoverflow 24 600434 800 0 512 18 http 3 19213.776
go 55 1877076 20 0.03 512 1 http 1 6746.388
stackoverflow 24 600434 20 0 0 1 http 2 648.379
theguardian 228 3147398 800 0 2048 18 http 4 37692.174
theguardian 228 3147398 20 0 2048 1 http 3 5166.692
theguardian 228 3147398 800 0.015 2048 1 http 3 379765.443
theguardian 228 3147398 80 0 512 18 http 0 2367.859
stackoverflow 24 600434 194 0.015 512 6 http 4 9760.405
stackoverflow 24 600434 20 0 512 1 http 0 1146.622
stackoverflow 24 600434 800 0.03 2048 18 http 3 47471.438
go 55 1877076 20 0 512 18 http 0 533.2
go 55 1877076 800 0 2048 18 http 2 27277.158
stackoverflow 24 600434 80 0.015 0 6 http 3 2889.591
theguardian 228 3147398 194 0.03 512 6 http 0 32809.128
theguardian 228 3147398 194 0.03 0 1 http 0 144863.121
stackoverflow 24 600434 20 0.015 2048 1 http 2 1632.536
go 55 1877076 800 0 512 18 http 0 24823.439
go 55 1877076 80 0 0 1 http 4 8148.412
theguardian 228 3147398 800 0.03 512 18 http 1 75909.381
stackoverflow 24 600434 80 0.015 0 1 http 4 5862.327
stackoverflow 24 600434 800 0 2048 18 http 4 20813.051
stackoverflow 24 600434 800 0.03 0 1 http 1 73260.369
stackoverflow 24 600434 80 0.015 0 6 http 4 3184.974
go 55 1877076 800 0.03 2048 6 http 4 83443.117
theguardian 228 3147398 194 0 512 6 http 3 10402.523
go 55 1877076 800 0.03 0 18 http 1 55729.969
go 55 1877076 194 0.03 0 6 http 0 23332.382
stackoverflow 24 600434 800 0.015 512 18 http 2 25624.281
go 55 1877076 800 0 2048 18 http 4 26429.803
theguardian 228 3147398 20 0.015 0 1 http 3 14444.123
go 55 1877076 800 0.015 2048 6 http 3 49342.734
go 55 1877076 800 0.03 0 18 http 3 70885.807
stackoverflow 24 600434 800 0 2048 1 http 4 28075.041
theguardian 228 3147398 20 0.015 512 1 http 3 12899.908
go 55 1877076 80 0.015 2048 18 http 0 4529.542
stackoverflow 24 600434 20 0.015 2048 1 http 3 2599.735
go 55 1877076 20 0 0 6 http 1 519.953
go 55 1877076 20 0 0 1 http 3 1495.741
stackoverflow 24 600434 20 0.015 2048 1 http 1 1463.341
theguardian 228 3147398 800 0 512 18 http 0 35302.46
theguardian 228 3147398 20 0 2048 1 http 2 5198.495
theguardian 228 3147398 80 0 2048 1 http 1 21161.859
go 55 1877076 800 0.03 0 18 http 0 71079.382
go 55 1877076 800 0 512 6 http 3 20093.791
stackoverflow 24 600434 800 0.015 512 1 http 0 57365.166
stackoverflow 24 600434 80 0 0 18 http 0 1455.486
go 55 1877076 800 0.03 512 1 http 1 258660.081
theguardian 228 3147398 80 0.03 0 18 http 4 11889.954
stackoverflow 24 600434 800 0.03 0 18 http 1 37801.48
go 55 1877076 80 0.015 512 1 http 3 21964.45
stackoverflow 24 600434 194 0.03 2048 1 http 0 23404.706
stackoverflow 24 600434 194 0 512 18 http 4 3314.681
go 55 1877076 80 0.03 2048 6 http 0 8126.759
stackoverflow 24 600434 800 0 0 18 http 1 16010.428
theguardian 228 3147398 194 0 2048 1 http 3 57623.524
go 55 1877076 800 0.015 0 18 http 4 43240.812
theguardian 228 3147398 80 0 2048 6 http 0 4418.138
stackoverflow 24 600434 20 0.03 2048 1 http 1 3347.706
theguardian 228 3147398 80 0.03 512 18 http 4 6111.383
stackoverflow 24 600434 80 0.015 0 18 http 3 2811.899
theguardian 228 3147398 20 0.03 512 1 http 0 16200.389
theguardian 228 3147398 194 0 0 18 http 1 5966.213
stackoverflow 24 600434 800 0.015 512 1 http 2 53654.473
theguardian 228 3147398 80 0.015 0 18 http 1 6303.069
stackoverflow 24 600434 20 0.015 2048 18 http 3 1859.947
stackoverflow 24 600434 20 0 2048 18 http 4 346.434
theguardian 228 3147398 194 0.03 2048 6 http 1 32443.215
go 55 1877076 800 0.03 0 6 http 4 87096.447
go 55 1877076 20 0.015 512 1 http 3 5279.363
stackoverflow 24 600434 194 0.015 0 6 http 1 7605.378
go 55 1877076 80 0 512 18 http 2 1672.087
stackoverflow 24 600434 194 0 2048 6 http 3 3357.826
stackoverflow 24 600434 80 0.03 2048 1 http 1 9533.497
theguardian 228 3147398 800 0 512 6 http 1 45689.492
theguardian 228 3147398 20 0.03 512 1 http 4 19450.975
stackoverflow 24 600434 800 0 512 6 http 2 13620.393
stackoverflow 24 600434 194 0.03 2048 18 http 3 11122.724
theguardian 228 3147398 80 0.03 512 1 http 3 61146.29
theguardian 228 3147398 194 0 512 18 http 2 5764.023
go 55 1877076 20 0 2048 1 http 2 1489.66
stackoverflow 24 600434 800 0 512 18 http 4 19215.801
go 55 1877076 80 0 2048 1 http 3 7319.824
theguardian 228 3147398 80 0.03 0 18 http 1 9352.024
stackoverflow 24 600434 80 0 2048 18 http 0 1142.093
theguardian 228 3147398 80 0.03 2048 18 http 1 7989.584
go 55 1877076 80 0.015 0 6 http 1 5824.259
go 55 1877076 80 0.015 2048 18 http 2 5747.667
theguardian 228 3147398 80 0 512 6 http 1 4518.35
go 55 1877076 800 0 512 1 http 0 73058.283
stackoverflow 24 600434 20 0.015 512 1 http 3 2059.65
stackoverflow 24 600434 20 0.015 512 18 http 3 761.936
stackoverflow 24 600434 194 0 2048 18 http 2 2934.896
theguardian 228 3147398 80 0.015 0 6 http 0 9962.904
stackoverflow 24 600434 20 0 2048 18 http 0 369.86
go 55 1877076 194 0 2048 6 http 4 4549.083
stackoverflow 24 600434 80 0 0 6 http 3 1570.866
theguardian 228 3147398 194 0 0 6 http 4 10794.835
stackoverflow 24 600434 800 0.015 2048 1 http 4 56004.732
go 55 1877076 20 0.03 0 6 http 4 3141.145
theguardian 228 3147398 800 0.03 2048 18 http 2 96960.707
stackoverflow 24 600434 800 0.03 2048 6 http 0 40022.293
stackoverflow 24 600434 80 0.03 512 18 http 4 3976.654
stackoverflow 24 600434 80 0.03 512 6 http 1 3807.626
stackoverflow 24 600434 800 0 512 18 http 0 20017.146
theguardian 228 3147398 194 0.015 0 6 http 1 25831.971
theguardian 228 3147398 800 0 0 6 http 2 45662.222
stackoverflow 24 600434 800 0 2048 1 http 3 28026.372
go 55 1877076 80 0.03 2048 18 http 4 5772.012
go 55 1877076 800 0.015 0 18 http 2 40024.889
stackoverflow 24 600434 20 0.015 0 18 http 0 1076.296
stackoverflow 24 600434 20 0.015 512 6 http 1 612.158
theguardian 228 3147398 800 0.03 2048 6 http 0 121093.936
theguardian 228 3147398 194 0.015 2048 1 http 0 101353.183
go 55 1877076 20 0 0 18 http 4 502.211
stackoverflow 24 600434 20 0.03 2048 18 http 2 1361.303
stackoverflow 24 600434 20 0.03 2048 18 http 1 4302.623
theguardian 228 3147398 80 0.03 2048 18 http 3 8083.124
stackoverflow 24 600434 80 0 0 6 http 2 1605.902
theguardian 228 3147398 20 0 2048 1 http 0 5912.28
go 55 1877076 80 0.015 2048 6 http 4 5219.347
stackoverflow 24 600434 194 0.03 512 1 http 3 14898.189
theguardian 228 3147398 800 0.03 0 18 http 1 87521.307
go 55 1877076 80 0.03 0 6 http 3 7635.994
go 55 1877076 80 0 0 1 http 1 8347.77
go 55 1877076 800 0.03 0 18 http 4 69751.184
theguardian 228 3147398 20 0.015 512 18 http 3 2420.415
stackoverflow 24 600434 20 0 512 18 http 4 340.31
theguardian 228 3147398 80 0.015 512 18 http 1 7025.878
go 55 1877076 20 0.03 0 18 http 2 2488.701
go 55 1877076 80 0.03 0 18 http 1 6967.98
theguardian 228 3147398 800 0.03 0 1 http 4 525625.494
theguardian 228 3147398 800 0 2048 1 http 0 243593.339
stackoverflow 24 600434 80 0.03 2048 1 http 2 9563.608
go 55 1877076 80 0.03 2048 1 http 4 27960.005
stackoverflow 24 600434 80 0.03 0 18 http 1 5873.358
go 55 1877076 20 0 2048 6 http 2 529.532
stackoverflow 24 600434 194 0.015 512 6 http 3 8155.646
stackoverflow 24 600434 194 0.03 0 18 http 4 10320.54
theguardian 228 3147398 194 0.03 2048 1 http 3 127723.386
theguardian 228 3147398 20 0 512 6 http 2 1220.906
stackoverflow 24 600434 194 0.03 0 1 http 3 19120.881
go 55 1877076 800 0.03 512 1 http 2 215003.969
theguardian 228 3147398 194 0.03 512 1 http 3 137091.893
theguardian 228 3147398 800 0.03 2048 18 http 3 79764.741
go 55 1877076 800 0.015 2048 1 http 1 180599.389
theguardian 228 3147398 80 0.015 512 1 http 1 44289.019
go 55 1877076 20 0.03 2048 18 http 1 2196.982
theguardian 228 3147398 80 0.03 2048 18 http 4 7059.042
go 55 1877076 80 0.03 2048 18 http 1 7879.269
go 55 1877076 800 0 0 1 http 4 78716.337
theguardian 228 3147398 80 0.03 0 1 http 1 60368.532
theguardian 228 3147398 194 0 512 1 http 0 49952.815
theguardian 228 3147398 20 0 0 1 http 0 5248.029
stackoverflow 24 600434 20 0.015 0 6 http 2 1517.303
go 55 1877076 800 0.015 512 6 http 0 68854.212
go 55 1877076 194 0.03 2048 18 http 3 12639.536
theguardian 228 3147398 800 0.03 0 18 http 2 80055.881
theguardian 228 3147398 20 0.015 512 18 http 2 1814.701
go 55 1877076 194 0 512 6 http 2 5453.868
stackoverflow 24 600434 80 0 512 1 http 0 3387.292
theguardian 228 3147398 20 0.03 512 18 http 2 1801.084
go 55 1877076 194 0 0 6 http 2 5736.288
go 55 1877076 194 0.015 0 18 http 0 11893.431
stackoverflow 24 600434 20 0.015 0 6 http 0 1709.105
theguardian 228 3147398 20 0 2048 18 http 1 724.929
stackoverflow 24 600434 80 0 2048 6 http 1 1529.381
go 55 1877076 80 0.03 2048 6 http 4 8051.992
stackoverflow 24 600434 20 0.03 0 1 http 0 2352.318
go 55 1877076 194 0 0 6 http 1 5660.071
theguardian 228 3147398 194 0.03 2048 18 http 2 15575.339
go 55 1877076 194 0.03 2048 1 http 4 64915.876
go 55 1877076 194 0 512 6 http 1 5080.361
go 55 1877076 80 0.03 2048 1 http 3 28497.631
theguardian 228 3147398 20 0.03 0 18 http 3 2969.125
go 55 1877076 194 0.015 512 1 http 3 41692.112
theguardian 228 3147398 20 0.03 0 18 http 1 3043.043
theguardian 228 3147398 800 0.03 512 18 http 4 92246.382
stackoverflow 24 600434 80 0.03 2048 6 http 4 3572.185
theguardian 228 3147398 194 0 512 1 http 2 56417.894
stackoverflow 24 600434 194 0.03 2048 6 http 0 14201.526
go 55 1877076 194 0.015 0 1 http 4 48112.75
stackoverflow 24 600434 20 0 0 1 http 1 662.37
theguardian 228 3147398 20 0.015 0 6 http 0 2951.384
theguardian 228 3147398 194 0.03 0 18 http 4 15441.861
go 55 1877076 20 0.03 0 1 http 4 9358.715
theguardian 228 3147398 80 0.015 512 6 http 1 9355.539
theguardian 228 3147398 20 0 2048 6 http 0 1160.502
go 55 1877076 194 0.015 0 6 http 0 16580.219
stackoverflow 24 600434 80 0 0 1 http 3 3632.092
theguardian 228 3147398 80 0.015 2048 18 http 1 5968.366
go 55 1877076 194 0.03 0 18 http 1 14486.239
theguardian 228 3147398 800 0.015 512 18 http 0 58736.046
go 55 1877076 800 0.03 0 1 http 3 222944.397
go 55 1877076 194 0 2048 1 http 4 17758.635
stackoverflow 24 600434 800 0.015 2048 18 http 0 38065.921
stackoverflow 24 600434 20 0.03 0 6 http 2 1519.605
stackoverflow 24 600434 800 0.03 512 18 http 3 38843.914
go 55 1877076 800 0 2048 1 http 2 64980.486
theguardian 228 3147398 80 0 2048 1 http 0 21153.934
go 55 1877076 20 0.015 512 1 http 0 6160.02
stackoverflow 24 600434 80 0.015 2048 1 http 3 5240.367
theguardian 228 3147398 800 0 0 18 http 2 32898.138
theguardian 228 3147398 20 0 0 1 http 3 5759.274
theguardian 228 3147398 20 0.015 512 6 http 3 3056.958
go 55 1877076 800 0.015 0 6 http 3 62068.544
go 55 1877076 80 0.015 512 6 http 1 6295.441
go 55 1877076 80 0 512 6 http 0 2311.715
theguardian 228 3147398 194 0 512 18 http 3 5752.126
stackoverflow 24 600434 194 0.015 2048 6 http 3 7978.468
stackoverflow 24 600434 20 0 2048 1 http 1 627.365
theguardian 228 3147398 800 0 2048 6 http 4 47274.982
theguardian 228 3147398 80 0.03 0 6 http 4 12893.516
go 55 1877076 800 0.015 512 18 http 3 41105.389
go 55 1877076 194 0.03 2048 18 http 1 16376.925
stackoverflow 24 600434 800 0.015 0 18 http 4 29026.689
stackoverflow 24 600434 800 0 0 18 http 0 16010.863
go 55 1877076 20 0.03 0 6 http 0 3765.641
stackoverflow 24 600434 194 0 2048 6 http 1 3883.339
go 55 1877076 20 0.015 2048 18 http 0 1303.371
stackoverflow 24 600434 194 0.03 0 6 http 4 10164.879
go 55 1877076 80 0.015 512 18 http 1 4627.505
theguardian 228 3147398 80 0.03 2048 18 http 2 8831.508
theguardian 228 3147398 800 0.015 0 1 http 4 433498.29
go 55 1877076 20 0.03 512 18 http 4 2199.625
stackoverflow 24 600434 20 0 0 18 http 4 301.922
go 55 1877076 80 0.015 0 1 http 4 19655.342
go 55 1877076 80 0 512 1 http 4 7932.16
theguardian 228 3147398 20 0 512 6 http 4 1219.383
go 55 1877076 80 0 512 18 http 3 1786.423
stackoverflow 24 600434 80 0.03 0 1 http 2 7489.621
stackoverflow 24 600434 80 0 2048 1 http 4 3221.983
theguardian 228 3147398 800 0.015 0 18 http 4 64932.034
stackoverflow 24 600434 800 0 0 18 http 2 16016.219
theguardian 228 3147398 80 0.03 512 18 http 2 8999.223
go 55 1877076 20 0.015 512 18 http 0 1553.604
stackoverflow 24 600434 80 0.03 512 18 http 3 4984.455
go 55 1877076 20 0 512 18 http 1 509.84
theguardian 228 3147398 800 0.03 0 1 http 3 585447.814
go 55 1877076 80 0 512 1 http 0 8044.514
go 55 1877076 194 0 512 18 http 1 3975.908
stackoverflow 24 600434 20 0 2048 6 http 0 432.481
theguardian 228 3147398 80 0 512 1 http 3 21078.495
go 55 1877076 80 0 0 6 http 2 2875.204
go 55 1877076 800 0.015 512 18 http 2 47219.582
stackoverflow 24 600434 20 0.015 512 18 http 1 1030.387
go 55 1877076 20 0.015 512 6 http 1 1647.973
theguardian 228 3147398 20 0.03 2048 6 http 1 4529.869
go 55 1877076 800 0 2048 18 http 0 24872.941
go 55 1877076 194 0.03 512 18 http 1 13412.177
theguardian 228 3147398 800 0 0 1 http 3 223059.084
go 55 1877076 194 0.015 2048 6 http 2 11308.223
stackoverflow 24 600434 194 0.015 512 6 http 2 8621.308
go 55 1877076 194 0.015 512 18 http 4 12454.176
theguardian 228 3147398 800 0 512 6 http 2 48181.731
go 55 1877076 800 0.015 0 1 http 0 162342.399
theguardian 228 3147398 80 0 2048 18 http 3 2486.119
theguardian 228 3147398 194 0.015 2048 1 http 3 99835.217
theguardian 228 3147398 20 0.015 512 6 http 1 3642.437
theguardian 228 3147398 194 0.03 0 1 http 3 131018.632
theguardian 228 3147398 20 0 512 18 http 3 758.737
go 55 1877076 800 0.03 512 18 http 1 66423.8
theguardian 228 3147398 800 0.03 512 6 http 4 126879.224
theguardian 228 3147398 800 0.03 2048 6 http 1 115174.91
theguardian 228 3147398 800 0.03 512 1 http 1 530750.559
go 55 1877076 800 0.015 2048 18 http 4 43263.419
go 55 1877076 800 0.03 512 6 http 3 76683
stackoverflow 24 600434 20 0.03 0 6 http 3 1966.36
stackoverflow 24 600434 800 0.03 2048 6 http 1 41010.85
stackoverflow 24 600434 20 0.015 0 18 http 3 2099.539
theguardian 228 3147398 800 0.015 2048 6 http 2 88686.506
theguardian 228 3147398 194 0 2048 6 http 1 10421.897
stackoverflow 24 600434 80 0 0 6 http 1 1570.546
go 55 1877076 20 0.03 512 1 http 0 7912.245
stackoverflow 24 600434 194 0.03 0 1 http 0 20241.55
theguardian 228 3147398 80 0.015 512 1 http 4 42651.45
theguardian 228 3147398 194 0.03 512 18 http 2 22364.205
theguardian 228 3147398 20 0 512 18 http 1 704.567
theguardian 228 3147398 194 0.03 2048 6 http 0 33192.354
stackoverflow 24 600434 800 0.03 512 1 http 2 91540.032
go 55 1877076 80 0.03 0 1 http 2 23405.987
stackoverflow 24 600434 80 0.03 2048 1 http 0 8020.932
go 55 1877076 20 0 2048 1 http 4 1487.639
go 55 1877076 20 0 2048 18 http 2 511.119
stackoverflow 24 600434 800 0 512 6 http 0 15251.443
stackoverflow 24 600434 20 0.03 512 1 http 4 1837.946
go 55 1877076 800 0.03 2048 1 http 2 254492.033
stackoverflow 24 600434 20 0.015 512 1 http 0 2318.561
go 55 1877076 20 0.03 0 18 http 1 2305.221
go 55 1877076 20 0 2048 1 http 3 1485.762
stackoverflow 24 600434 194 0.03 0 6 http 1 8926.369
stackoverflow 24 600434 194 0.015 512 6 http 0 5868.283
stackoverflow 24 600434 80 0 512 6 http 2 1503.937
theguardian 228 3147398 800 0.015 2048 6 http 3 99607.69
theguardian 228 3147398 194 0.015 2048 1 http 2 97851.972
theguardian 228 3147398 194 0.015 0 1 http 2 108553.452
theguardian 228 3147398 194 0.015 512 18 http 4 16029.899
theguardian 228 3147398 20 0.015 512 18 http 1 2084.413
go 55 1877076 20 0.015 0 18 http 3 1227.155
go 55 1877076 20 0.015 0 6 http 4 1708.937
theguardian 228 3147398 20 0 0 6 http 0 1159.845
go 55 1877076 20 0 2048 1 http 0 1469.89
go 55 1877076 800 0 512 18 http 1 24034.32
theguardian 228 3147398 194 0.03 2048 18 http 0 15125.266
stackoverflow 24 600434 20 0.03 2048 6 http 0 1859.356
go 55 1877076 194 0.03 0 6 http 4 18558.918
stackoverflow 24 600434 20 0.015 512 6 http 3 804.139
go 55 1877076 194 0 0 18 http 1 4312.299
theguardian 228 3147398 80 0.015 2048 18 http 0 10402.271
theguardian 228 3147398 800 0.03 0 1 http 0 528087.645
theguardian 228 3147398 80 0 512 18 http 4 2507.636
go 55 1877076 20 0.03 512 18 http 0 2402.842
go 55 1877076 194 0.015 2048 6 http 3 16216.039
stackoverflow 24 600434 80 0 0 6 http 4 1650.213
go 55 1877076 194 0 0 18 http 0 4295.046
theguardian 228 3147398 20 0.015 2048 1 http 1 14607.245
theguardian 228 3147398 80 0 0 1 http 4 21215.291
theguardian 228 3147398 194 0 2048 18 http 3 5342.469
go 55 1877076 20 0.015 512 6 http 2 1526.945
theguardian 228 3147398 80 0 512 1 http 0 24773.88
theguardian 228 3147398 800 0.015 2048 18 http 1 57723.178
go 55 1877076 194 0.015 2048 18 http 1 11107.859
go 55 1877076 20 0.015 2048 1 http 0 6428.246
theguardian 228 3147398 80 0.015 2048 6 http 2 9439.642
theguardian 228 3147398 80 0.03 2048 1 http 2 59094.512
theguardian 228 3147398 20 0 512 1 http 4 5298.204
stackoverflow 24 600434 800 0.03 2048 1 http 3 85560.19
stackoverflow 24 600434 80 0 512 6 http 0 1567.478
stackoverflow 24 600434 20 0 512 1 http 1 1108.724
go 55 1877076 80 0 512 1 http 3 7942.654
theguardian 228 3147398 80 0.03 512 1 http 1 53567.396
theguardian 228 3147398 194 0.015 512 6 http 2 22521.431
stackoverflow 24 600434 194 0 0 1 http 3 9023.082
theguardian 228 3147398 80 0 512 1 http 2 23267.225
go 55 1877076 194 0.03 2048 1 http 3 60475.822
go 55 1877076 194 0.015 512 1 http 0 37376.638
theguardian 228 3147398 80 0 512 6 http 4 4431.219
stackoverflow 24 600434 20 0 512 6 http 2 436.08
go 55 1877076 80 0.03 2048 18 http 3 9938.414
stackoverflow 24 600434 194 0 0 6 http 3 3311.799
stackoverflow 24 600434 800 0.03 2048 1 http 0 87451.528
theguardian 228 3147398 80 0 2048 6 http 2 4367.592
theguardian 228 3147398 194 0.03 0 6 http 1 35653.087
theguardian 228 3147398 80 0.03 0 6 http 2 16340.037
stackoverflow 24 600434 800 0 0 1 http 3 36851.996
stackoverflow 24 600434 194 0 2048 6 http 2 3695.412
go 55 1877076 800 0 512 6 http 0 23262.531
go 55 1877076 800 0.03 512 6 http 2 64047.826
stackoverflow 24 600434 194 0 2048 1 http 4 7449.887
go 55 1877076 20 0.03 0 6 http 2 3944.565
stackoverflow 24 600434 194 0.015 2048 18 http 0 5849.831
theguardian 228 3147398 194 0.03 512 18 http 0 21339.163
theguardian 228 3147398 20 0 0 1 http 2 5966.056
theguardian 228 3147398 80 0.015 512 1 http 0 41288.237
go 55 1877076 20 0 512 6 http 3 521.394
stackoverflow 24 600434 20 0 512 6 http 0 350.158
go 55 1877076 194 0.03 512 1 http 4 55130.212
stackoverflow 24 600434 20 0.015 512 1 http 1 1238.43
theguardian 228 3147398 194 0.015 2048 6 http 0 20750.133
go 55 1877076 20 0 0 1 http 0 2101.54
theguardian 228 3147398 194 0.03 512 1 http 0 138189.695
go 55 1877076 194 0.015 512 6 http 0 13276.01
theguardian 228 3147398 800 0 2048 6 http 0 44105.839
stackoverflow 24 600434 20 0 512 18 http 0 347.784
theguardian 228 3147398 800 0 0 18 http 0 32095.33
theguardian 228 3147398 80 0 0 6 http 4 4564.016
stackoverflow 24 600434 20 0.03 0 18 http 1 875.156
go 55 1877076 80 0.015 512 1 http 1 16714.565
theguardian 228 3147398 80 0.03 2048 1 http 3 56997.206
go 55 1877076 80 0.015 2048 1 http 3 19499.037
stackoverflow 24 600434 80 0.015 2048 6 http 0 2850.219
stackoverflow 24 600434 800 0 0 1 http 1 36909.418
theguardian 228 3147398 20 0 0 18 http 1 744.583
stackoverflow 24 600434 80 0 2048 1 http 1 3302.775
stackoverflow 24 600434 800 0 0 6 http 1 14491.632
theguardian 228 3147398 194 0.03 512 1 http 1 127003.596
stackoverflow 24 600434 80 0.03 512 6 http 3 3207.421
go 55 1877076 20 0 0 6 http 2 535.391
stackoverflow 24 600434 800 0.015 512 6 http 2 25029.799
stackoverflow 24 600434 80 0.015 2048 18 http 0 3306.458
stackoverflow 24 600434 800 0.03 512 6 http 2 26702.815
stackoverflow 24 600434 80 0.015 512 18 http 3 3358.687
theguardian 228 3147398 800 0.015 2048 18 http 4 61281.806
stackoverflow 24 600434 800 0 0 1 http 4 36856.962
stackoverflow 24 600434 194 0.015 0 1 http 0 11300.884
theguardian 228 3147398 20 0.015 512 1 http 0 12591.839
theguardian 228 3147398 800 0.015 512 6 http 0 90919.201
theguardian 228 3147398 194 0.015 2048 6 http 3 24280.47
go 55 1877076 194 0.015 2048 6 http 1 11305.71
theguardian 228 3147398 80 0.03 0 1 http 2 56797.28
stackoverflow 24 600434 20 0 0 1 http 0 1039.709
stackoverflow 24 600434 20 0.015 0 1 http 0 2911.644
go 55 1877076 194 0.03 0 1 http 4 66649.263
stackoverflow 24 600434 80 0.015 0 18 http 2 2563.501
stackoverflow 24 600434 194 0.03 2048 1 http 2 21449.548
stackoverflow 24 600434 194 0.03 0 1 http 4 19488.189
theguardian 228 3147398 800 0 2048 1 http 1 205250.261
stackoverflow 24 600434 20 0.03 2048 1 http 2 2400.238
stackoverflow 24 600434 800 0.015 512 6 http 4 24009.332
theguardian 228 3147398 194 0.015 2048 18 http 0 15849.882
theguardian 228 3147398 20 0.015 2048 1 http 0 12250.92
go 55 1877076 800 0.015 512 6 http 3 60330.223
stackoverflow 24 600434 800 0.015 0 1 http 2 50487.379
theguardian 228 3147398 800 0.015 0 18 http 3 63495.072
stackoverflow 24 600434 800 0.03 2048 1 http 1 79727.229
stackoverflow 24 600434 194 0.03 2048 18 http 2 11161.717
theguardian 228 3147398 800 0.03 0 6 http 3 134098.444
theguardian 228 3147398 800 0.03 512 18 http 0 79600.722
go 55 1877076 800 0.03 0 1 http 4 239515.849
theguardian 228 3147398 20 0.03 2048 18 http 3 2430.005
go 55 1877076 20 0 0 1 http 1 1476.135
stackoverflow 24 600434 800 0.03 0 18 http 4 31417.496
theguardian 228 3147398 80 0.015 2048 1 http 2 41598.567
stackoverflow 24 600434 20 0.03 512 18 http 4 783.151
stackoverflow 24 600434 80 0.015 512 1 http 0 5814.237
stackoverflow 24 600434 20 0 512 6 http 1 397.297
theguardian 228 3147398 194 0.015 2048 1 http 4 97882.006
theguardian 228 3147398 194 0.015 0 18 http 0 16217.058
go 55 1877076 80 0.03 512 6 http 1 9820.439
go 55 1877076 20 0.015 0 1 http 0 5039.669
stackoverflow 24 600434 20 0.03 0 1 http 4 3379.291
theguardian 228 3147398 20 0.03 0 18 http 0 2337.005
go 55 1877076 800 0 0 1 http 0 80250.935
go 55 1877076 20 0.015 2048 18 http 2 1646.633
theguardian 228 3147398 20 0.03 512 18 http 1 2390.844
theguardian 228 3147398 80 0.015 0 1 http 3 46681.043
stackoverflow 24 600434 194 0.015 2048 6 http 2 8764.371
stackoverflow 24 600434 194 0.03 0 1 http 2 17575.255
go 55 1877076 20 0 0 1 http 2 1472.131
theguardian 228 3147398 194 0.03 0 1 http 1 134975.879
theguardian 228 3147398 80 0.015 512 6 http 2 9100.051
theguardian 228 3147398 800 0.015 512 1 http 1 472659.62
theguardian 228 3147398 194 0.015 2048 1 http 1 103305.442
theguardian 228 3147398 194 0 512 6 http 1 10387.254
theguardian 228 3147398 80 0 0 1 http 0 21710.336
theguardian 228 3147398 80 0 0 18 http 4 2554.757
stackoverflow 24 600434 80 0 2048 6 http 2 1448.67
stackoverflow 24 600434 194 0.03 0 18 http 3 10530.534
theguardian 228 3147398 80 0.015 0 6 http 2 10693.011
go 55 1877076 194 0 512 6 http 4 4907.633
theguardian 228 3147398 800 0.015 2048 18 http 3 60045.868
theguardian 228 3147398 194 0 0 1 http 3 50438.03
stackoverflow 24 600434 80 0.03 2048 18 http 4 3562.813
theguardian 228 3147398 80 0 2048 18 http 1 2467.568
go 55 1877076 194 0.015 2048 1 http 3 37531.333
theguardian 228 3147398 800 0 0 6 http 3 44857.521
stackoverflow 24 600434 194 0.03 2048 1 http 3 22435.336
theguardian 228 3147398 20 0.015 512 1 http 2 16123.809
theguardian 228 3147398 194 0 2048 6 http 0 10657.356
theguardian 228 3147398 800 0.03 2048 18 http 4 82518.398
theguardian 228 3147398 80 0 2048 18 http 0 2447.529
go 55 1877076 194 0.015 0 6 http 1 14643.461
theguardian 228 3147398 80 0 2048 6 http 3 4517.084
stackoverflow 24 600434 20 0.015 2048 6 http 2 1463.732
stackoverflow 24 600434 194 0.015 0 18 http 2 6600.745
stackoverflow 24 600434 20 0.015 2048 18 http 0 606.335
theguardian 228 3147398 20 0.015 2048 18 http 2 2242.683
go 55 1877076 80 0 2048 18 http 1 1722.699
go 55 1877076 800 0.015 0 18 http 3 32025.342
go 55 1877076 20 0.015 512 6 http 0 2084.852
theguardian 228 3147398 800 0 2048 18 http 0 38454.37
theguardian 228 3147398 80 0.015 2048 1 http 0 46970.782
go 55 1877076 20 0.03 2048 6 http 0 1747.86
stackoverflow 24 600434 80 0.03 512 18 http 1 2601.61
go 55 1877076 80 0.015 2048 18 http 4 4280.736
theguardian 228 3147398 800 0.03 2048 1 http 3 503371.511
go 55 1877076 20 0.015 2048 1 http 2 4989.83
theguardian 228 3147398 800 0 0 1 http 4 219356.605
go 55 1877076 20 0.015 2048 18 http 1 1335.128
theguardian 228 3147398 20 0.015 0 1 http 0 15774.453
go 55 1877076 800 0.03 2048 6 http 3 60863.773
go 55 1877076 194 0 2048 6 http 3 4520.081
stackoverflow 24 600434 800 0.015 2048 1 http 3 50546.259
theguardian 228 3147398 20 0 0 6 http 1 1258.382
stackoverflow 24 600434 800 0 512 6 http 1 13650.766
stackoverflow 24 600434 80 0.03 2048 18 http 0 7420.286
go 55 1877076 20 0.03 2048 18 http 4 1929.911
stackoverflow 24 600434 800 0.015 0 1 http 4 67648.984
stackoverflow 24 600434 20 0.015 2048 1 http 4 1718.324
go 55 1877076 800 0.015 512 1 http 2 164423.468
stackoverflow 24 600434 800 0.015 2048 1 http 0 58936.886
theguardian 228 3147398 80 0 512 6 http 3 4513.966
go 55 1877076 800 0.015 0 1 http 4 174162.787
go 55 1877076 80 0 2048 18 http 4 1706.938
go 55 1877076 20 0.015 2048 6 http 4 1599.928
go 55 1877076 80 0 2048 6 http 4 1970.98
go 55 1877076 20 0.03 2048 1 http 1 8103.386
go 55 1877076 194 0.03 0 1 http 0 51911.819
theguardian 228 3147398 800 0 512 18 http 2 34502.326
stackoverflow 24 600434 800 0.03 0 18 http 2 28805.374
stackoverflow 24 600434 80 0 512 18 http 1 1374.72
stackoverflow 24 600434 20 0.03 0 6 http 0 1446.923
go 55 1877076 80 0.03 0 18 http 2 5390.314
stackoverflow 24 600434 800 0.015 2048 1 http 2 68896.824
stackoverflow 24 600434 20 0.015 0 18 http 1 2266.98
stackoverflow 24 600434 194 0.015 0 1 http 1 13736.687
go 55 1877076 194 0.015 512 18 http 0 9360.257
go 55 1877076 20 0.015 0 1 http 4 6832.773
go 55 1877076 80 0.03 512 18 http 3 5570.802
stackoverflow 24 600434 800 0.015 0 18 http 1 34632.323
theguardian 228 3147398 80 0.03 0 6 http 1 12745.01
theguardian 228 3147398 80 0.015 512 6 http 4 8745.089
theguardian 228 3147398 194 0.03 512 1 http 4 135440.874
go 55 1877076 80 0 2048 1 http 4 7560.243
stackoverflow 24 600434 800 0 2048 6 http 1 12816.538
theguardian 228 3147398 80 0 2048 18 http 2 2532.829
go 55 1877076 800 0.03 512 1 http 4 251169.388
go 55 1877076 800 0 512 6 http 2 22500.944
go 55 1877076 20 0 512 18 http 4 510.85
theguardian 228 3147398 20 0.03 0 1 http 0 20193.645
go 55 1877076 800 0 2048 1 http 0 65868.771
go 55 1877076 20 0 2048 18 http 3 490.82
stackoverflow 24 600434 800 0 2048 18 http 0 16047.177
go 55 1877076 20 0 2048 1 http 1 1495.35
theguardian 228 3147398 800 0 0 1 http 2 226994.669
go 55 1877076 800 0 0 6 http 2 23295.502
theguardian 228 3147398 800 0.03 512 1 http 4 515838.258
stackoverflow 24 600434 20 0.015 2048 6 http 1 730.848
theguardian 228 3147398 20 0.015 0 6 http 3 3557.046
stackoverflow 24 600434 194 0.03 512 1 http 2 25685.571
theguardian 228 3147398 800 0.03 2048 18 http 0 87304.702
theguardian 228 3147398 194 0.015 0 1 http 1 100596.299
go 55 1877076 194 0.03 2048 6 http 4 22715.8
go 55 1877076 80 0.015 2048 6 http 0 4768.557
theguardian 228 3147398 80 0.015 512 18 http 2 7264.116
stackoverflow 24 600434 20 0.015 0 18 http 2 821.425
stackoverflow 24 600434 80 0 0 1 http 4 3654.485
stackoverflow 24 600434 80 0.015 512 6 http 0 3330.299
go 55 1877076 20 0 2048 18 http 1 486.703
stackoverflow 24 600434 800 0 0 1 http 2 36857.301
go 55 1877076 800 0.015 0 1 http 2 204523.946
go 55 1877076 800 0.015 512 6 http 1 50677.505
stackoverflow 24 600434 194 0.015 2048 18 http 1 6218.103
go 55 1877076 20 0.03 0 1 http 1 9579.63
go 55 1877076 80 0.03 512 6 http 3 6735.982
go 55 1877076 80 0.015 512 18 http 2 5306.316
theguardian 228 3147398 80 0.015 0 1 http 1 41898.071
stackoverflow 24 600434 800 0.03 0 18 http 3 28014.491
go 55 1877076 800 0 512 18 http 4 26453.225
stackoverflow 24 600434 194 0.03 512 1 http 1 19696.706
stackoverflow 24 600434 800 0 2048 6 http 2 15251.227
theguardian 228 3147398 80 0.015 0 18 http 2 6167.71
go 55 1877076 80 0.015 2048 18 http 3 3773.405
stackoverflow 24 600434 80 0.03 2048 18 http 3 3161.005
go 55 1877076 800 0 2048 1 http 4 63507.607
go 55 1877076 800 0.015 2048 18 http 3 42666.166
go 55 1877076 80 0.03 512 18 http 1 5336.911
go 55 1877076 194 0.015 2048 6 http 4 12350.287
theguardian 228 3147398 20 0.03 0 6 http 3 3807.799
stackoverflow 24 600434 194 0.015 0 6 http 2 7187.834
stackoverflow 24 600434 194 0.03 2048 18 http 0 11641.791
theguardian 228 3147398 20 0.03 2048 1 http 2 22622.146
theguardian 228 3147398 80 0.015 512 18 http 3 6368.13
go 55 1877076 80 0 0 18 http 2 1805.719
go 55 1877076 194 0.03 512 18 http 0 13264.42
go 55 1877076 194 0.015 512 6 http 2 15335.771
go 55 1877076 194 0.03 2048 18 http 2 13603.734
stackoverflow 24 600434 194 0.015 512 1 http 2 12751.497
stackoverflow 24 600434 80 0.03 0 1 http 1 9737.021
stackoverflow 24 600434 194 0 512 6 http 2 3321.218
go 55 1877076 20 0.03 2048 1 http 2 10520.873
stackoverflow 24 600434 800 0 2048 18 http 3 18408.296
stackoverflow 24 600434 80 0 512 6 http 3 1293.709
go 55 1877076 20 0.015 2048 1 http 3 4954.461
stackoverflow 24 600434 80 0.03 0 6 http 2 4658.732
stackoverflow 24 600434 80 0.015 2048 18 http 1 2905.221
go 55 1877076 800 0.03 2048 6 http 0 87146.255
theguardian 228 3147398 194 0.015 512 1 http 3 113305.111
go 55 1877076 194 0.015 0 1 http 1 48128.623
go 55 1877076 800 0.03 0 6 http 1 78120.051
theguardian 228 3147398 800 0 2048 1 http 2 224189.472
go 55 1877076 194 0.03 2048 1 http 0 60329.867
stackoverflow 24 600434 20 0.015 2048 18 http 2 534.306
stackoverflow 24 600434 800 0 512 1 http 2 30502.054
stackoverflow 24 600434 20 0 2048 6 http 1 354.962
go 55 1877076 20 0 0 6 http 0 593.075
theguardian 228 3147398 800 0.015 0 6 http 2 85111.619
theguardian 228 3147398 80 0 0 18 http 2 2528.228
theguardian 228 3147398 800 0 512 6 http 3 47268.745
go 55 1877076 800 0.015 2048 18 http 0 34415.179
go 55 1877076 80 0 2048 6 http 0 2086.191
stackoverflow 24 600434 80 0.015 2048 6 http 2 3969.464
go 55 1877076 80 0.03 512 1 http 4 26919.232
theguardian 228 3147398 20 0.03 512 6 http 3 4224.908
go 55 1877076 800 0.015 512 1 http 0 185249.695
go 55 1877076 194 0 0 18 http 3 3977.02
go 55 1877076 194 0.015 2048 1 http 1 42510.153
theguardian 228 3147398 80 0 0 6 http 1 4675.631
go 55 1877076 20 0 512 6 http 4 546.841
theguardian 228 3147398 194 0 2048 18 http 0 5752.966
stackoverflow 24 600434 800 0 512 1 http 0 30499.505
stackoverflow 24 600434 800 0.015 512 1 http 1 69146.072
stackoverflow 24 600434 800 0 0 18 http 3 15215.315
go 55 1877076 194 0.03 2048 18 http 0 20652.045
stackoverflow 24 600434 80 0 0 18 http 4 1454.277
stackoverflow 24 600434 194 0.015 0 6 http 0 7194.909
theguardian 228 3147398 20 0.03 512 18 http 4 3030.765
theguardian 228 3147398 194 0.03 2048 18 http 4 26071.84
theguardian 228 3147398 20 0.015 0 18 http 2 2892.8
go 55 1877076 194 0 512 1 http 0 17803.234
go 55 1877076 20 0.015 512 18 http 1 2126.264
stackoverflow 24 600434 800 0.015 2048 6 http 2 40263.791
theguardian 228 3147398 80 0.015 0 6 http 1 10098.556
go 55 1877076 20 0 0 6 http 4 517.206
theguardian 228 3147398 20 0.03 2048 6 http 2 4808.224
theguardian 228 3147398 20 0.015 2048 1 http 3 14279.332
theguardian 228 3147398 80 0.03 2048 6 http 0 12964.942
theguardian 228 3147398 20 0.03 2048 6 http 4 4066.317
theguardian 228 3147398 194 0 0 18 http 3 5920.212
go 55 1877076 800 0 2048 6 http 2 23274.544
theguardian 228 3147398 194 0.03 512 6 http 2 31247.593
stackoverflow 24 600434 80 0.015 0 6 http 1 3319.976
theguardian 228 3147398 80 0.015 0 6 http 3 10703.421
theguardian 228 3147398 194 0.015 512 18 http 2 14838.016
theguardian 228 3147398 80 0 0 1 http 2 24538.382
go 55 1877076 80 0.03 2048 6 http 1 8128.578
stackoverflow 24 600434 20 0.03 512 6 http 2 1725.207
theguardian 228 3147398 20 0 0 6 http 2 1187.151
go 55 1877076 194 0 0 1 http 4 19432.252
go 55 1877076 194 0.03 512 6 http 2 20490.571
go 55 1877076 80 0.03 0 1 http 4 27549.404
theguardian 228 3147398 194 0.015 0 6 http 2 22283.625
stackoverflow 24 600434 20 0.03 0 18 http 2 957.808
stackoverflow 24 600434 194 0.015 2048 6 http 4 7222.339
stackoverflow 24 600434 80 0.03 512 1 http 2 8126.574
stackoverflow 24 600434 80 0 512 18 http 2 1379.001
go 55 1877076 194 0.03 512 6 http 4 17742.008
stackoverflow 24 600434 20 0.03 2048 18 http 3 873.576
go 55 1877076 20 0.03 512 6 http 0 1932.649
go 55 1877076 194 0.03 512 1 http 0 61030.659
go 55 1877076 80 0.03 0 18 http 4 6386.161
go 55 1877076 80 0.015 512 6 http 2 6143.201
theguardian 228 3147398 80 0.03 0 18 http 3 8873.112
theguardian 228 3147398 800 0.03 0 6 http 0 115382.3
theguardian 228 3147398 80 0.03 2048 6 http 1 11995.655
stackoverflow 24 600434 194 0.03 0 18 http 0 10946.243
stackoverflow 24 600434 80 0.015 512 1 http 3 6684.636
stackoverflow 24 600434 20 0.015 2048 18 http 1 1851.366
theguardian 228 3147398 20 0 0 18 http 3 744.589
theguardian 228 3147398 800 0.03 2048 1 http 4 507066.635
go 55 1877076 194 0.015 2048 18 http 2 14656.993
stackoverflow 24 600434 20 0.03 0 18 http 3 1018.286
stackoverflow 24 600434 80 0.03 512 1 http 1 7035.633
stackoverflow 24 600434 194 0.03 512 18 http 4 7990.158
stackoverflow 24 600434 20 0.03 0 1 http 1 1643.263
go 55 1877076 194 0.015 512 6 http 3 12641.049
stackoverflow 24 600434 194 0 512 6 http 1 3689.215
theguardian 228 3147398 800 0 512 1 http 4 204375.245
stackoverflow 24 600434 194 0.015 2048 6 http 1 8732.305
go 55 1877076 80 0.015 0 1 http 0 15925.753
stackoverflow 24 600434 194 0.015 0 18 http 0 7441.135
go 55 1877076 800 0.015 2048 1 http 2 177560.424
stackoverflow 24 600434 800 0 2048 6 http 4 15252.072
stackoverflow 24 600434 194 0 512 6 http 4 3740.087
stackoverflow 24 600434 800 0.03 2048 18 http 2 36002.242
stackoverflow 24 600434 194 0 0 6 http 4 3740.816
go 55 1877076 194 0 512 18 http 4 3986.799
theguardian 228 3147398 20 0 0 18 http 4 755.125
go 55 1877076 20 0.03 2048 6 http 1 2672.884
theguardian 228 3147398 194 0 0 6 http 3 10751.037
stackoverflow 24 600434 800 0.015 512 6 http 3 37097.778
go 55 1877076 800 0 0 6 http 3 23323.242
theguardian 228 3147398 80 0 512 18 http 2 2524.817
stackoverflow 24 600434 800 0.03 2048 6 http 3 53886.343
stackoverflow 24 600434 80 0.015 512 6 http 2 2651.509
theguardian 228 3147398 194 0 0 6 http 1 11118.701
theguardian 228 3147398 80 0.03 2048 1 http 1 56970.139
stackoverflow 24 600434 20 0.015 512 18 http 0 1825.068
go 55 1877076 80 0.015 0 1 http 3 19295.004
stackoverflow 24 600434 80 0.015 2048 1 http 0 7261.058
go 55 1877076 800 0 512 1 http 1 70673.45
stackoverflow 24 600434 800 0 512 18 http 1 17646.732
go 55 1877076 194 0 2048 18 http 0 4127.693
theguardian 228 3147398 194 0 2048 1 http 2 50480.917
go 55 1877076 800 0.03 0 6 http 2 64262.564
go 55 1877076 80 0 0 18 http 4 1752.885
stackoverflow 24 600434 20 0.03 512 6 http 1 1572.386
go 55 1877076 80 0 2048 1 http 2 7545.976
stackoverflow 24 600434 20 0.015 0 6 http 4 870.844
theguardian 228 3147398 800 0 0 18 http 1 32845.347
go 55 1877076 80 0 0 6 http 3 2602.89
theguardian 228 3147398 20 0.015 0 1 http 4 13502.666
go 55 1877076 80 0 512 6 http 2 2118.569
theguardian 228 3147398 800 0 2048 18 http 2 38435.951
stackoverflow 24 600434 20 0 512 6 http 3 423.205
stackoverflow 24 600434 194 0 0 1 http 1 8985.071
go 55 1877076 20 0 2048 18 http 4 480.252
theguardian 228 3147398 194 0.03 2048 1 http 0 131147.348
go 55 1877076 800 0 512 18 http 3 26442.788
go 55 1877076 20 0.03 512 18 http 1 2516.683
go 55 1877076 20 0 512 1 http 2 1439.234
stackoverflow 24 600434 800 0.03 2048 18 http 1 33891.055
go 55 1877076 20 0.015 512 1 http 4 5851.368
go 55 1877076 194 0.03 512 18 http 2 16163.042
go 55 1877076 80 0.015 0 18 http 3 5551.776
go 55 1877076 800 0.015 0 6 http 1 43250.975
theguardian 228 3147398 80 0.015 512 18 http 4 5879.469
stackoverflow 24 600434 20 0 512 1 http 2 628.275
go 55 1877076 20 0.03 512 18 http 2 2368.941
stackoverflow 24 600434 194 0.03 512 6 http 4 8558.315
stackoverflow 24 600434 194 0.03 0 6 http 3 10671.822
theguardian 228 3147398 800 0.03 0 6 http 2 115403.503
stackoverflow 24 600434 20 0.015 2048 6 http 0 861.008
theguardian 228 3147398 20 0.015 0 18 http 4 2234.759
stackoverflow 24 600434 800 0.015 0 1 http 0 52057.251
theguardian 228 3147398 194 0 2048 6 http 4 10384.966
go 55 1877076 194 0.015 512 18 http 2 10733.064
theguardian 228 3147398 20 0.015 512 1 http 1 12202.907
stackoverflow 24 600434 800 0.015 0 18 http 2 27444.97
go 55 1877076 20 0.015 2048 6 http 1 1952.141
go 55 1877076 194 0 2048 6 http 1 4517.01
theguardian 228 3147398 194 0.015 512 18 http 3 14104.835
theguardian 228 3147398 20 0.015 2048 18 http 0 1655.569
go 55 1877076 194 0.015 2048 1 http 4 49967.723
stackoverflow 24 600434 800 0 2048 1 http 1 28863.51
stackoverflow 24 600434 194 0 512 18 http 1 3132.367
stackoverflow 24 600434 80 0.03 0 6 http 4 3921.601
go 55 1877076 800 0.015 2048 6 http 4 52855.551
stackoverflow 24 600434 80 0 2048 6 http 4 1457.894
theguardian 228 3147398 20 0.015 512 6 http 2 2528.57
theguardian 228 3147398 80 0.015 2048 6 http 3 10662.545
go 55 1877076 20 0.015 512 18 http 2 1158.515
theguardian 228 3147398 800 0.015 0 18 http 2 55065.66
go 55 1877076 194 0.03 2048 6 http 3 20078.412
theguardian 228 3147398 80 0 2048 1 http 2 21345.756
theguardian 228 3147398 80 0.03 512 1 http 4 53503.958
theguardian 228 3147398 800 0.015 0 6 http 1 80120.757
theguardian 228 3147398 20 0.03 2048 6 http 3 4536.336
go 55 1877076 800 0 2048 6 http 3 22509.7
go 55 1877076 20 0.03 2048 6 http 4 2630.938
stackoverflow 24 600434 80 0 2048 18 http 4 1382.986
stackoverflow 24 600434 800 0.03 512 1 http 1 100038.39
theguardian 228 3147398 800 0.015 512 18 http 4 56341.72
go 55 1877076 20 0.03 2048 18 http 2 1213.322
stackoverflow 24 600434 80 0.03 0 1 http 3 6499.223
stackoverflow 24 600434 800 0 512 6 http 3 14410.558
go 55 1877076 80 0.03 512 18 http 0 5933.249
stackoverflow 24 600434 80 0.015 2048 18 http 4 2955.353
go 55 1877076 80 0.03 0 1 http 0 24959.354
stackoverflow 24 600434 80 0.015 2048 1 http 1 6627.453
go 55 1877076 194 0.03 0 1 http 1 61703.363
theguardian 228 3147398 800 0.015 0 18 http 0 46529.33
go 55 1877076 80 0.015 512 1 http 0 16919.874
go 55 1877076 800 0.015 512 18 http 0 44053.497
go 55 1877076 800 0.015 0 6 http 2 68280.175
go 55 1877076 194 0.03 0 18 http 2 11725.529
go 55 1877076 800 0.015 512 1 http 4 208474.758
stackoverflow 24 600434 800 0.03 512 18 http 0 46906.004
stackoverflow 24 600434 80 0.015 512 1 http 1 6340.818
theguardian 228 3147398 80 0.015 2048 6 http 0 9379.084
stackoverflow 24 600434 800 0.015 0 6 http 3 29898.154
theguardian 228 3147398 20 0.015 512 6 http 0 3753.471
stackoverflow 24 600434 800 0 512 1 http 4 30504.429
go 55 1877076 800 0.015 0 18 http 0 42098.225
theguardian 228 3147398 80 0 2048 18 http 4 2466.414
theguardian 228 3147398 20 0 512 6 http 0 1219.139
theguardian 228 3147398 800 0.015 2048 1 http 2 405993.747
stackoverflow 24 600434 194 0.03 512 18 http 2 7026.353
theguardian 228 3147398 80 0.015 2048 18 http 2 5061.469
go 55 1877076 800 0.015 0 6 http 0 57065.153
go 55 1877076 194 0.015 512 6 http 1 13161.524
go 55 1877076 800 0.03 512 6 http 4 68052.636
theguardian 228 3147398 20 0.015 2048 6 http 4 2428.009
go 55 1877076 800 0.015 2048 6 http 1 64022.263
stackoverflow 24 600434 194 0.015 512 18 http 1 9345.473
go 55 1877076 20 0.03 2048 1 http 4 7427.44
go 55 1877076 194 0.03 512 18 http 4 14658.736
theguardian 228 3147398 20 0 2048 6 http 2 1176.293
stackoverflow 24 600434 194 0.015 512 1 http 1 12694.127
go 55 1877076 20 0.015 0 1 http 2 5067.492
go 55 1877076 20 0.015 512 18 http 4 1621.55
go 55 1877076 800 0.015 2048 1 http 4 173979.438
go 55 1877076 194 0.03 512 6 http 3 23404.376
go 55 1877076 80 0.015 0 1 http 1 15554.17
go 55 1877076 80 0.015 512 6 http 3 7071.662
stackoverflow 24 600434 800 0.03 512 1 http 0 84282.679
stackoverflow 24 600434 80 0.015 512 18 http 2 3001.133
theguardian 228 3147398 194 0 2048 18 http 2 5785.592
theguardian 228 3147398 800 0 512 18 http 4 33698.563
stackoverflow 24 600434 80 0.015 0 18 http 1 2726.462
theguardian 228 3147398 20 0.015 0 18 http 3 1810.954
theguardian 228 3147398 194 0 2048 1 http 4 50043.824
go 55 1877076 20 0.015 0 6 http 3 1563.407
stackoverflow 24 600434 80 0.015 2048 18 http 3 2697.889
stackoverflow 24 600434 20 0.03 2048 1 http 0 3842.613
stackoverflow 24 600434 194 0.015 2048 18 http 3 6628.843
go 55 1877076 194 0 2048 18 http 2 3905.192
go 55 1877076 800 0.015 0 1 http 3 181986.346
theguardian 228 3147398 800 0.015 512 1 http 3 428807.941
go 55 1877076 20 0 2048 6 http 0 534.121
theguardian 228 3147398 194 0.03 2048 6 http 3 29164.247
go 55 1877076 80 0 2048 6 http 1 2103.112
theguardian 228 3147398 800 0 2048 6 http 2 44103.492
theguardian 228 3147398 194 0.03 512 18 http 3 18808.388
stackoverflow 24 600434 20 0.03 512 1 http 0 2374.296
go 55 1877076 80 0 2048 18 http 2 1669.209
stackoverflow 24 600434 800 0 0 1 http 0 36017.949
stackoverflow 24 600434 194 0.03 512 6 http 0 12061.162
theguardian 228 3147398 20 0.015 2048 18 http 1 2398.571
stackoverflow 24 600434 800 0.015 0 1 http 3 57156.767
stackoverflow 24 600434 800 0.03 512 6 http 3 45823.297
theguardian 228 3147398 20 0 2048 6 http 4 1218.526
theguardian 228 3147398 800 0.03 2048 6 http 3 121890.97
theguardian 228 3147398 80 0 0 18 http 0 2569.91
go 55 1877076 194 0 2048 1 http 0 17499.574
go 55 1877076 194 0.015 0 1 http 3 54492.752
stackoverflow 24 600434 194 0.015 2048 18 http 2 8572.577
stackoverflow 24 600434 194 0 2048 1 http 0 7842.337
stackoverflow 24 600434 194 0 0 18 http 2 3316.376
stackoverflow 24 600434 80 0.03 512 1 http 0 8646.921
theguardian 228 3147398 194 0 2048 6 http 3 10575.819
go 55 1877076 80 0 0 18 http 3 1834.856
go 55 1877076 80 0.03 2048 6 http 2 7534.147
stackoverflow 24 600434 20 0.03 0 1 http 3 1659.686
stackoverflow 24 600434 194 0.015 2048 1 http 4 15795.815
theguardian 228 3147398 20 0.015 2048 6 http 1 3032.311
go 55 1877076 194 0.03 0 6 http 2 19262.75
theguardian 228 3147398 80 0.03 0 18 http 2 7915.996
theguardian 228 3147398 800 0 0 1 http 0 214881.29
theguardian 228 3147398 194 0.03 0 1 http 4 126772.682
theguardian 228 3147398 20 0.03 512 1 http 2 15679.596
stackoverflow 24 600434 80 0.03 2048 6 http 1 3095.923
go 55 1877076 800 0 0 1 http 1 80309.629
theguardian 228 3147398 20 0.015 2048 6 http 0 2398.758
stackoverflow 24 600434 80 0.015 512 18 http 1 2526.599
stackoverflow 24 600434 800 0.015 0 18 http 0 21613.554
stackoverflow 24 600434 800 0 512 18 http 2 19212.035
stackoverflow 24 600434 800 0 0 6 http 0 15258.155
stackoverflow 24 600434 800 0 2048 1 http 2 28067.393
go 55 1877076 194 0.03 2048 1 http 2 56123.501
theguardian 228 3147398 20 0.015 0 1 http 2 14927.896
theguardian 228 3147398 20 0.015 512 1 http 4 14775.258
stackoverflow 24 600434 80 0.03 0 1 http 4 6125.839
theguardian 228 3147398 194 0.015 2048 6 http 4 20654.747
stackoverflow 24 600434 800 0.015 512 18 http 0 22409.555
theguardian 228 3147398 80 0 512 18 http 3 2323.952
stackoverflow 24 600434 800 0.03 512 6 http 0 51419.161
theguardian 228 3147398 194 0 512 6 http 4 10362.001
stackoverflow 24 600434 194 0.015 0 6 http 3 6432.002
theguardian 228 3147398 80 0.03 512 6 http 3 13461.6
theguardian 228 3147398 194 0 0 1 http 2 53714.457
go 55 1877076 800 0.015 0 18 http 1 48062.76
go 55 1877076 194 0.03 2048 18 http 4 15590.495
stackoverflow 24 600434 20 0 0 1 http 3 650.361
stackoverflow 24 600434 80 0 512 18 http 3 1377.528
theguardian 228 3147398 800 0 2048 1 http 3 211183.827
stackoverflow 24 600434 800 0.03 0 6 http 0 32263.967
theguardian 228 3147398 194 0.03 2048 18 http 1 21444.468
stackoverflow 24 600434 20 0.03 512 6 http 4 1686.042
theguardian 228 3147398 800 0.015 512 6 http 4 89084.138
go 55 1877076 194 0 0 6 http 4 5126.428
go 55 1877076 20 0 0 1 http 4 1473.976
theguardian 228 3147398 20 0.015 2048 6 http 3 3189.805
theguardian 228 3147398 800 0 0 6 http 4 44906.532
stackoverflow 24 600434 194 0 0 1 http 2 8753.329
go 55 1877076 20 0.03 2048 1 http 0 7776.092
theguardian 228 3147398 800 0.015 512 6 http 1 89285.352
stackoverflow 24 600434 80 0.03 2048 6 http 2 3479.933
theguardian 228 3147398 800 0.015 512 6 http 2 97523.166
theguardian 228 3147398 194 0.015 512 1 http 4 96123.892
stackoverflow 24 600434 80 0 512 1 http 3 3454.614
theguardian 228 3147398 800 0.03 0 1 http 1 538215.776
stackoverflow 24 600434 800 0.015 0 6 http 1 36812.298
stackoverflow 24 600434 194 0.03 2048 6 http 4 8957.86
go 55 1877076 20 0.03 512 6 http 2 2722.815
theguardian 228 3147398 20 0.03 2048 18 http 2 7515.182
stackoverflow 24 600434 80 0 2048 6 http 0 1531.865
stackoverflow 24 600434 80 0.03 0 18 http 2 6645.662
theguardian 228 3147398 80 0.015 0 18 http 3 6608.785
theguardian 228 3147398 800 0 0 1 http 1 213179.513
theguardian 228 3147398 80 0.015 2048 6 http 4 9381.108
theguardian 228 3147398 80 0.015 2048 1 http 1 43665.531
stackoverflow 24 600434 194 0.015 512 1 http 4 18332.102
stackoverflow 24 600434 80 0.015 2048 6 http 4 3633.302
stackoverflow 24 600434 80 0.015 0 1 http 1 10430.891
stackoverflow 24 600434 20 0.015 0 1 http 4 2426.48
stackoverflow 24 600434 194 0 2048 18 http 4 3126.175
stackoverflow 24 600434 800 0.03 2048 6 http 2 41363.387
stackoverflow 24 600434 194 0.03 2048 6 http 3 7760.892
theguardian 228 3147398 194 0 0 18 http 0 5742.42
stackoverflow 24 600434 194 0.015 0 1 http 3 13630.11
stackoverflow 24 600434 20 0.03 2048 6 http 2 1930.769
stackoverflow 24 600434 800 0.03 0 1 http 4 72352.928
stackoverflow 24 600434 194 0 2048 18 http 0 3319.33
go 55 1877076 800 0.03 512 18 http 4 58408.034
stackoverflow 24 600434 194 0.03 2048 1 http 1 13567.951
theguardian 228 3147398 194 0.015 512 6 http 1 24811.389
stackoverflow 24 600434 20 0 2048 1 http 0 1202.981
go 55 1877076 20 0.03 0 6 http 1 3221.64
theguardian 228 3147398 80 0 0 6 http 0 4590.088
theguardian 228 3147398 800 0 0 18 http 4 33644.101
go 55 1877076 194 0 2048 18 http 3 3745.014
stackoverflow 24 600434 80 0.015 512 18 http 0 2722.775
theguardian 228 3147398 800 0.015 512 1 http 0 367158.753
stackoverflow 24 600434 20 0 2048 6 http 3 363.185
theguardian 228 3147398 20 0.03 512 6 http 2 4265.742
go 55 1877076 20 0.03 2048 18 http 0 2294.271
stackoverflow 24 600434 800 0.03 0 1 http 2 84801.52
go 55 1877076 194 0.03 0 18 http 4 15350.365
theguardian 228 3147398 800 0.03 512 1 http 0 511773.152
stackoverflow 24 600434 194 0.03 512 18 http 3 10434.376
theguardian 228 3147398 194 0.015 2048 6 http 2 23578.857
theguardian 228 3147398 80 0.015 0 1 http 4 43464.565
go 55 1877076 800 0.03 512 6 http 0 83093.34
stackoverflow 24 600434 80 0.015 512 6 http 1 3814.769
go 55 1877076 20 0.03 0 1 http 3 8651.968
go 55 1877076 80 0 0 1 http 0 8115.584
stackoverflow 24 600434 194 0.015 0 1 http 2 10528.364
theguardian 228 3147398 20 0 2048 18 http 2 769.915
stackoverflow 24 600434 20 0.03 0 18 http 4 1946.169
go 55 1877076 80 0 0 6 http 4 2498.106
theguardian 228 3147398 800 0.015 0 1 http 0 441710.992
stackoverflow 24 600434 800 0.03 2048 18 http 0 47430.66
stackoverflow 24 600434 194 0 2048 18 http 3 3315.061
theguardian 228 3147398 20 0.03 512 18 http 3 2573.965
stackoverflow 24 600434 800 0.015 0 1 http 1 60327.542
stackoverflow 24 600434 80 0.015 0 18 http 4 4582.923
go 55 1877076 20 0 512 18 http 3 485.579
stackoverflow 24 600434 80 0 2048 18 http 2 1298.911
stackoverflow 24 600434 800 0.03 512 6 http 1 56490.321
go 55 1877076 80 0 2048 18 http 3 1628.298
theguardian 228 3147398 194 0 512 6 http 0 10523.662
stackoverflow 24 600434 800 0.03 512 18 http 4 41606.218
stackoverflow 24 600434 20 0.015 2048 18 http 4 643.303
stackoverflow 24 600434 20 0.03 2048 1 http 4 2744.58
go 55 1877076 80 0 512 6 http 4 1991.372
go 55 1877076 20 0.015 512 6 http 4 1888.497
theguardian 228 3147398 800 0.015 2048 1 http 1 438325.639
stackoverflow 24 600434 20 0.015 0 18 http 4 873.464
go 55 1877076 194 0.015 0 1 http 2 42132.743
stackoverflow 24 600434 194 0.015 2048 1 http 1 15022.145
theguardian 228 3147398 20 0.03 0 1 http 2 20146.557
stackoverflow 24 600434 80 0.015 512 1 http 4 7621.909
go 55 1877076 194 0 2048 1 http 3 17780.883
go 55 1877076 20 0.03 0 18 http 3 2486.547
theguardian 228 3147398 80 0.015 0 1 http 0 43519.314
go 55 1877076 80 0.03 512 6 http 2 8383.629
theguardian 228 3147398 80 0.03 2048 1 http 0 61171.686
go 55 1877076 80 0.03 2048 18 http 2 7700.201
stackoverflow 24 600434 800 0.03 0 6 http 1 37555.798
stackoverflow 24 600434 194 0.015 2048 1 http 0 15166.579
stackoverflow 24 600434 20 0.015 512 1 http 4 1476.525
go 55 1877076 800 0.015 2048 18 http 1 45832.48
theguardian 228 3147398 20 0.015 0 18 http 0 1821.666
go 55 1877076 194 0 2048 1 http 2 17511.804
stackoverflow 24 600434 800 0.015 512 1 http 3 52832.675
stackoverflow 24 600434 80 0.03 512 18 http 0 4083.436
stackoverflow 24 600434 20 0 0 6 http 3 398.543
go 55 1877076 800 0.015 0 6 http 4 57945.701
theguardian 228 3147398 194 0.03 512 6 http 4 29767.446
stackoverflow 24 600434 800 0.015 512 6 http 0 34422.779
stackoverflow 24 600434 80 0 512 1 http 1 3417.81
stackoverflow 24 600434 20 0.03 2048 6 http 1 1037.21
go 55 1877076 20 0.03 512 1 http 4 8425.405
theguardian 228 3147398 194 0 0 1 http 1 52195.058
theguardian 228 3147398 20 0 0 6 http 3 1208.371
stackoverflow 24 600434 800 0.03 0 1 http 0 75325.722
theguardian 228 3147398 194 0 2048 1 http 1 50542.446
stackoverflow 24 600434 194 0 0 6 http 0 3932.947
theguardian 228 3147398 80 0 0 18 http 3 2562.477
stackoverflow 24 600434 20 0.015 512 18 http 4 1861.629
go 55 1877076 194 0.03 512 1 http 2 62869.898
stackoverflow 24 600434 194 0.03 512 6 http 3 11112.591
go 55 1877076 20 0.015 0 18 http 0 1495.07
go 55 1877076 20 0.015 512 6 http 3 1575.592
theguardian 228 3147398 20 0 2048 1 http 1 5802.551
stackoverflow 24 600434 20 0 0 18 http 3 305.826
stackoverflow 24 600434 194 0.03 2048 6 http 1 9319.965
go 55 1877076 194 0.03 2048 1 http 1 58624.231
stackoverflow 24 600434 800 0.03 512 1 http 4 105259.473
stackoverflow 24 600434 800 0.015 0 6 http 4 32805.118
theguardian 228 3147398 800 0 2048 1 http 4 215927.049
go 55 1877076 20 0 0 18 http 2 516.378
theguardian 228 3147398 80 0.03 0 1 http 0 52908.926
go 55 1877076 80 0.03 512 1 http 0 32561.46
theguardian 228 3147398 800 0.015 0 18 http 1 68251.059
go 55 1877076 20 0.015 512 18 http 3 1698.944
theguardian 228 3147398 80 0.015 2048 6 http 1 7964.374
stackoverflow 24 600434 194 0.03 512 18 http 0 13761.249
theguardian 228 3147398 194 0 512 1 http 3 50244.011
stackoverflow 24 600434 194 0 512 1 http 4 7813.676
theguardian 228 3147398 800 0.03 0 18 http 3 75745.556
stackoverflow 24 600434 20 0 512 18 http 3 371.631
theguardian 228 3147398 20 0.03 0 1 http 4 16301.012
stackoverflow 24 600434 194 0.015 0 1 http 4 14884.684
theguardian 228 3147398 800 0 2048 6 http 3 44090.592
go 55 1877076 20 0 512 1 http 4 1493.661
go 55 1877076 80 0.03 2048 18 http 0 14773.627
go 55 1877076 80 0.015 512 18 http 3 4184.76
theguardian 228 3147398 20 0.015 2048 1 http 4 14250.652
theguardian 228 3147398 194 0.015 0 6 http 3 21417.064
go 55 1877076 800 0.03 512 1 http 0 262452.185
stackoverflow 24 600434 800 0 0 18 http 4 17609.621
go 55 1877076 800 0.03 512 18 http 3 63821.657
go 55 1877076 80 0.03 0 6 http 0 7251.673
go 55 1877076 194 0 0 18 http 4 3970.65
go 55 1877076 80 0 2048 6 http 3 2034.514
go 55 1877076 800 0 2048 6 http 1 23235.384
go 55 1877076 194 0.015 2048 18 http 3 10497.441
go 55 1877076 194 0 0 1 http 1 19511.143
go 55 1877076 80 0.03 512 6 http 4 7729.613
stackoverflow 24 600434 20 0.03 2048 1 http 3 2618.489
stackoverflow 24 600434 20 0 2048 6 http 4 374.129
go 55 1877076 800 0.03 512 18 http 0 63301.514
stackoverflow 24 600434 80 0.03 2048 1 http 4 9363.21
theguardian 228 3147398 20 0.03 0 6 http 4 5465.827
stackoverflow 24 600434 80 0.03 512 1 http 3 10214.423
stackoverflow 24 600434 20 0.03 512 6 http 0 1217.028
stackoverflow 24 600434 80 0.015 2048 6 http 3 5299.102
go 55 1877076 800 0 2048 18 http 3 24883.482
theguardian 228 3147398 194 0.015 0 1 http 4 98438.717
stackoverflow 24 600434 800 0 0 6 http 4 14426.513
go 55 1877076 20 0.03 512 1 http 3 6791.701
stackoverflow 24 600434 20 0 0 1 http 4 652.49
stackoverflow 24 600434 80 0.03 0 6 http 1 4356.073
stackoverflow 24 600434 194 0.015 512 1 http 3 13910.525
stackoverflow 24 600434 20 0.015 0 6 http 3 1951.057
go 55 1877076 20 0 512 1 http 0 1434.332
theguardian 228 3147398 80 0 2048 6 http 4 4322.996
theguardian 228 3147398 20 0.015 0 6 http 4 3349.067
theguardian 228 3147398 20 0.03 2048 18 http 1 2726.995
theguardian 228 3147398 194 0.015 512 18 http 1 13006.773
theguardian 228 3147398 20 0.03 0 1 http 3 22109.599
theguardian 228 3147398 20 0.03 0 6 http 1 3433.743
stackoverflow 24 600434 80 0 2048 6 http 3 1582.45
theguardian 228 3147398 194 0 2048 18 http 1 5554.205
stackoverflow 24 600434 800 0.015 512 6 http 1 28017.496
go 55 1877076 20 0.015 0 18 http 4 1286.715
go 55 1877076 800 0 2048 6 http 0 23276.074
stackoverflow 24 600434 20 0 512 6 http 4 429.987
stackoverflow 24 600434 80 0.03 512 6 http 2 4329.744
stackoverflow 24 600434 800 0.015 0 6 http 0 33912.325
theguardian 228 3147398 800 0.03 0 6 http 4 118005.942
theguardian 228 3147398 800 0 512 1 http 2 213504.32
stackoverflow 24 600434 80 0.03 2048 18 http 1 2966.193
theguardian 228 3147398 80 0.03 512 6 http 0 12348.909
go 55 1877076 80 0.03 512 18 http 2 8768.795
theguardian 228 3147398 80 0 2048 1 http 3 21224.81
go 55 1877076 194 0.03 0 6 http 3 18684.649
stackoverflow 24 600434 20 0.015 512 6 http 2 676.466
theguardian 228 3147398 80 0.03 512 6 http 4 14783.894
theguardian 228 3147398 194 0.03 2048 1 http 4 143942.366
stackoverflow 24 600434 194 0.03 2048 18 http 4 8967.065
go 55 1877076 80 0.03 2048 1 http 1 25310.902
theguardian 228 3147398 80 0 512 1 http 1 21473.905
stackoverflow 24 600434 194 0 2048 1 http 1 7581.933
theguardian 228 3147398 20 0.015 2048 6 http 2 2839.112
go 55 1877076 800 0.03 0 18 http 2 60847.226
go 55 1877076 20 0.03 512 6 http 1 1812.833
stackoverflow 24 600434 194 0.03 0 6 http 0 12945.03
go 55 1877076 800 0.03 512 6 http 1 75515.304
go 55 1877076 800 0.03 0 6 http 3 83174.664
