stackoverflow 24 600434 20 0 0 1 http 4 2661.121
go 55 1877040 800 0 2048 1 http 0 94138.328
theguardian 228 3147398 20 0 512 6 http 4 7581.843
stackoverflow 24 600434 80 0 512 1 http 0 3664.794
go 55 1877040 800 0 0 1 http 1 92341.38
theguardian 228 3147398 800 0.015 0 18 http 0 56820.628
stackoverflow 24 600434 20 0.015 0 1 http 4 3444.311
go 55 1877040 20 0.03 512 18 http 4 2900.992
go 55 1877040 20 0.015 2048 1 http 3 5707.724
stackoverflow 24 600434 80 0.015 512 18 http 4 4507.617
stackoverflow 24 600434 194 0 512 6 http 2 5377.894
theguardian 228 3147398 80 0.015 512 6 http 0 11361.235
theguardian 228 3147398 80 0.03 2048 1 http 1 60483.12
theguardian 228 3147398 194 0 2048 18 http 2 12463.115
go 55 1877040 800 0.015 0 1 http 0 185239.449
stackoverflow 24 600434 800 0.03 2048 18 http 3 31064.337
go 55 1877040 194 0.015 512 6 http 0 12630.242
theguardian 228 3147398 80 0.015 512 18 http 0 11218.13
go 55 1877040 194 0.015 512 6 http 2 14365.931
go 55 1877040 800 0 512 1 http 0 91582.934
stackoverflow 24 600434 20 0 0 18 http 2 2844.698
stackoverflow 24 600434 20 0.015 2048 1 http 4 3843.653
stackoverflow 24 600434 80 0.03 512 1 http 3 11648.377
theguardian 228 3147398 20 0.03 512 6 http 0 9764.338
theguardian 228 3147398 800 0.015 2048 1 http 3 422087.197
stackoverflow 24 600434 20 0 512 6 http 4 2826.974
theguardian 228 3147398 194 0.015 512 6 http 3 21909.435
go 55 1877040 80 0.015 0 6 http 0 6547.992
theguardian 228 3147398 20 0.015 512 18 http 1 8292.047
go 55 1877040 194 0 0 1 http 2 23538.927
go 55 1877040 80 0.015 0 6 http 1 6097.018
go 55 1877040 194 0.015 2048 18 http 2 11232.667
go 55 1877040 800 0 2048 6 http 0 33927.686
stackoverflow 24 600434 80 0.03 2048 6 http 0 4706.349
go 55 1877040 80 0.03 2048 18 http 4 8202.155
theguardian 228 3147398 20 0.015 2048 18 http 1 7901.194
go 55 1877040 80 0.03 0 1 http 4 24953.349
theguardian 228 3147398 80 0 2048 1 http 0 21734.372
go 55 1877040 20 0 512 6 http 1 2321.194
theguardian 228 3147398 800 0 0 6 http 3 52207.019
go 55 1877040 194 0.03 512 1 http 1 63128.054
theguardian 228 3147398 194 0.03 2048 18 http 3 21843.503
stackoverflow 24 600434 20 0 0 6 http 4 2824.103
go 55 1877040 194 0 0 18 http 0 7547.142
stackoverflow 24 600434 80 0.03 0 18 http 4 7440.563
go 55 1877040 80 0.03 0 18 http 0 8557.885
stackoverflow 24 600434 20 0.015 2048 6 http 0 2907.193
go 55 1877040 80 0.03 512 1 http 0 29969.229
stackoverflow 24 600434 20 0.03 512 1 http 0 3624.336
theguardian 228 3147398 80 0.015 2048 6 http 3 10482.315
stackoverflow 24 600434 194 0.015 0 1 http 1 15020.316
theguardian 228 3147398 800 0.015 512 18 http 3 75390.421
stackoverflow 24 600434 194 0.03 2048 6 http 1 9757.863
stackoverflow 24 600434 20 0.015 0 18 http 2 3202.255
theguardian 228 3147398 194 0 512 18 http 0 11993.697
stackoverflow 24 600434 20 0.015 0 18 http 3 3024.114
stackoverflow 24 600434 80 0.03 2048 18 http 2 5105.405
go 55 1877040 800 0.03 2048 1 http 1 241297.315
theguardian 228 3147398 80 0.015 2048 18 http 0 11332.795
go 55 1877040 800 0.03 2048 18 http 0 57971.045
go 55 1877040 20 0.03 512 6 http 1 3973.774
go 55 1877040 80 0.015 512 6 http 1 5761.679
stackoverflow 24 600434 194 0 512 18 http 2 5959.546
stackoverflow 24 600434 20 0.015 512 6 http 1 3409.115
go 55 1877040 800 0.015 2048 18 http 1 49976.221
go 55 1877040 800 0.03 0 6 http 1 70407.624
stackoverflow 24 600434 194 0.03 0 18 http 0 11802.871
stackoverflow 24 600434 80 0.03 0 18 http 2 5389.523
go 55 1877040 20 0.03 512 1 http 2 6956.224
go 55 1877040 80 0.015 0 18 http 0 5322.776
go 55 1877040 800 0 0 1 http 2 94094.64
go 55 1877040 194 0.015 0 18 http 3 12989.5
go 55 1877040 194 0.015 2048 6 http 2 12117.714
go 55 1877040 800 0 0 18 http 0 34269.877
stackoverflow 24 600434 20 0.03 0 1 http 2 4503.064
stackoverflow 24 600434 194 0.015 512 6 http 4 7372.806
go 55 1877040 20 0.015 0 18 http 1 2479.551
stackoverflow 24 600434 80 0.03 0 1 http 3 7654.28
theguardian 228 3147398 194 0.03 512 18 http 4 21918.836
go 55 1877040 80 0.015 2048 1 http 0 18158.924
go 55 1877040 80 0 512 18 http 2 3863.753
theguardian 228 3147398 194 0 0 6 http 2 14157.382
theguardian 228 3147398 800 0 0 1 http 0 215715.09
stackoverflow 24 600434 20 0.03 512 18 http 2 3528.888
theguardian 228 3147398 20 0 512 1 http 2 9159.782
theguardian 228 3147398 80 0 0 1 http 0 21950.036
stackoverflow 24 600434 194 0 2048 1 http 2 8169.351
theguardian 228 3147398 20 0 0 18 http 4 7603.636
stackoverflow 24 600434 800 0.015 0 18 http 0 27227.278
go 55 1877040 80 0.03 512 6 http 1 8806.887
stackoverflow 24 600434 800 0.015 512 18 http 1 29058.747
go 55 1877040 20 0.03 0 1 http 2 8983.027
theguardian 228 3147398 20 0.03 0 1 http 0 21145.223
theguardian 228 3147398 194 0 0 1 http 4 50451.919
stackoverflow 24 600434 80 0.015 0 18 http 0 5175.12
go 55 1877040 20 0.03 2048 1 http 0 8590.172
stackoverflow 24 600434 20 0.015 0 6 http 1 3104.129
theguardian 228 3147398 194 0 512 1 http 0 50854.642
theguardian 228 3147398 20 0 512 6 http 3 7609.325
go 55 1877040 80 0.03 0 18 http 4 5845.985
stackoverflow 24 600434 800 0 512 6 http 4 18427.002
theguardian 228 3147398 800 0 512 18 http 3 37067.169
go 55 1877040 800 0.015 512 1 http 1 180823.563
go 55 1877040 20 0.015 0 18 http 4 2557.748
stackoverflow 24 600434 20 0 2048 6 http 2 2844.617
stackoverflow 24 600434 194 0.015 2048 18 http 0 7899.56
stackoverflow 24 600434 800 0.015 512 6 http 3 33359.859
theguardian 228 3147398 20 0 512 1 http 0 10485.91
stackoverflow 24 600434 194 0.015 0 1 http 0 11887.582
theguardian 228 3147398 194 0.015 512 18 http 0 17353.98
stackoverflow 24 600434 80 0.03 2048 1 http 0 7935.219
go 55 1877040 800 0.015 0 1 http 3 196821.436
theguardian 228 3147398 194 0.015 2048 1 http 2 106331.908
stackoverflow 24 600434 20 0 512 18 http 0 2886.189
go 55 1877040 800 0 512 1 http 3 93313.978
theguardian 228 3147398 80 0.03 0 6 http 1 16145.36
stackoverflow 24 600434 194 0.015 512 1 http 2 15720.923
theguardian 228 3147398 800 0.03 0 6 http 2 119693.117
stackoverflow 24 600434 800 0 2048 1 http 1 32863.252
theguardian 228 3147398 194 0.015 0 6 http 0 20592.007
go 55 1877040 20 0.03 2048 6 http 4 3025.028
stackoverflow 24 600434 800 0.03 2048 6 http 2 51885.322
go 55 1877040 194 0.015 2048 18 http 0 10662.135
theguardian 228 3147398 80 0.015 512 18 http 2 10109.983
theguardian 228 3147398 800 0.03 2048 6 http 4 111135.856
theguardian 228 3147398 800 0.015 2048 18 http 4 49788.535
go 55 1877040 20 0 0 18 http 4 2344.811
go 55 1877040 194 0.03 512 1 http 2 67528.202
go 55 1877040 20 0.03 0 6 http 1 3457.777
go 55 1877040 20 0.03 2048 18 http 2 3816.744
go 55 1877040 80 0.03 0 1 http 3 24206.497
theguardian 228 3147398 194 0.015 2048 6 http 3 22828.241
theguardian 228 3147398 80 0 0 1 http 4 22065.478
stackoverflow 24 600434 800 0.03 512 18 http 3 30432.568
stackoverflow 24 600434 20 0.015 512 18 http 2 3254.031
theguardian 228 3147398 80 0.03 2048 6 http 4 14035.561
stackoverflow 24 600434 800 0.015 2048 18 http 2 30880.704
go 55 1877040 80 0.015 0 6 http 2 4369.273
theguardian 228 3147398 194 0.03 0 18 http 3 23116.664
go 55 1877040 80 0 0 18 http 3 3887.041
go 55 1877040 800 0.015 2048 18 http 4 51048.942
go 55 1877040 20 0 2048 1 http 1 2673.039
go 55 1877040 194 0 2048 18 http 0 7551.766
theguardian 228 3147398 800 0.015 0 6 http 1 90572.008
stackoverflow 24 600434 194 0.015 2048 1 http 3 12469.724
theguardian 228 3147398 20 0 2048 1 http 3 8924.033
theguardian 228 3147398 800 0.015 512 18 http 1 52091.758
stackoverflow 24 600434 20 0.015 512 18 http 4 3853.864
stackoverflow 24 600434 20 0.03 512 1 http 1 3574.895
go 55 1877040 20 0 0 1 http 2 2671.588
stackoverflow 24 600434 80 0.015 0 6 http 1 4547.569
go 55 1877040 800 0 0 1 http 4 92244.868
go 55 1877040 194 0.015 0 18 http 4 13980.609
stackoverflow 24 600434 800 0 2048 18 http 4 21626.422
stackoverflow 24 600434 80 0 0 6 http 4 3983.793
go 55 1877040 800 0.015 2048 1 http 0 166697.27
stackoverflow 24 600434 800 0.03 2048 18 http 4 32687.672
go 55 1877040 80 0.015 2048 18 http 4 4831.78
stackoverflow 24 600434 800 0 2048 1 http 3 32829.875
theguardian 228 3147398 800 0 2048 18 http 1 38204.714
stackoverflow 24 600434 80 0 512 18 http 1 4146.027
theguardian 228 3147398 20 0.015 0 6 http 2 8838.607
go 55 1877040 800 0 512 6 http 0 31501.782
go 55 1877040 194 0.015 512 6 http 3 12658.269
stackoverflow 24 600434 194 0 0 1 http 4 9104.471
go 55 1877040 80 0 512 1 http 4 9719.587
stackoverflow 24 600434 20 0.03 512 6 http 2 3367.149
stackoverflow 24 600434 800 0 0 6 http 2 19232.741
go 55 1877040 800 0.015 0 18 http 3 42891.333
stackoverflow 24 600434 80 0.03 2048 6 http 4 5628.217
stackoverflow 24 600434 80 0 2048 1 http 3 3585.419
go 55 1877040 20 0.03 512 1 http 1 12559.062
stackoverflow 24 600434 800 0 0 6 http 0 19260.419
go 55 1877040 80 0.015 0 1 http 1 18620.928
go 55 1877040 194 0.015 2048 1 http 4 46130.399
theguardian 228 3147398 20 0 0 18 http 2 7602.461
go 55 1877040 80 0.03 2048 6 http 1 10604.966
theguardian 228 3147398 80 0 512 18 http 4 9052.006
go 55 1877040 20 0.015 0 1 http 3 5435.129
stackoverflow 24 600434 194 0.015 0 6 http 0 7954.025
go 55 1877040 20 0 2048 6 http 1 2316.43
stackoverflow 24 600434 20 0 0 6 http 1 2787.056
stackoverflow 24 600434 80 0 512 6 http 4 3669.626
go 55 1877040 800 0 0 6 http 1 33982.075
go 55 1877040 80 0 0 18 http 1 3862.149
go 55 1877040 80 0 0 1 http 2 10269.612
theguardian 228 3147398 194 0.03 2048 18 http 0 25114.928
go 55 1877040 800 0.015 0 6 http 4 58185.595
stackoverflow 24 600434 80 0 2048 18 http 1 4153.111
theguardian 228 3147398 194 0 0 18 http 0 12575.547
stackoverflow 24 600434 20 0 2048 18 http 1 2887.019
stackoverflow 24 600434 194 0 512 1 http 1 8208.803
go 55 1877040 800 0.03 0 6 http 4 69967.651
theguardian 228 3147398 20 0.015 0 1 http 3 14808.107
theguardian 228 3147398 20 0 512 18 http 2 7605.833
go 55 1877040 800 0.015 0 1 http 1 185703.134
go 55 1877040 800 0.03 2048 6 http 0 67213.443
theguardian 228 3147398 20 0.03 2048 1 http 4 18999.509
theguardian 228 3147398 80 0.015 0 1 http 3 44588.006
stackoverflow 24 600434 194 0.03 512 1 http 2 21041.184
stackoverflow 24 600434 20 0.03 2048 18 http 1 3634.445
theguardian 228 3147398 194 0 512 18 http 4 12188.774
stackoverflow 24 600434 80 0.015 2048 1 http 4 6403.019
theguardian 228 3147398 80 0.03 512 1 http 4 60166.018
theguardian 228 3147398 194 0.015 0 1 http 4 96304.762
theguardian 228 3147398 20 0.03 2048 18 http 3 8345.851
theguardian 228 3147398 80 0 2048 1 http 1 20980.47
stackoverflow 24 600434 800 0.03 512 1 http 0 92303.61
stackoverflow 24 600434 80 0.03 2048 18 http 0 6333.073
go 55 1877040 800 0 0 6 http 2 34764.436
stackoverflow 24 600434 194 0.03 0 6 http 4 10916.058
go 55 1877040 194 0.03 2048 18 http 1 13027.3
stackoverflow 24 600434 20 0.015 2048 6 http 2 3267.792
stackoverflow 24 600434 194 0 512 18 http 3 5961.487
go 55 1877040 80 0.03 2048 1 http 1 26073.393
stackoverflow 24 600434 80 0.015 0 1 http 0 6036.927
stackoverflow 24 600434 80 0 0 18 http 0 3903.792
stackoverflow 24 600434 194 0.015 2048 18 http 1 7566.238
go 55 1877040 80 0.015 512 1 http 3 18292.918
go 55 1877040 80 0.015 0 18 http 2 4567.233
stackoverflow 24 600434 20 0.015 0 6 http 4 3248.414
stackoverflow 24 600434 194 0 512 6 http 4 5960.19
theguardian 228 3147398 80 0.015 0 18 http 3 9709.754
go 55 1877040 194 0.03 0 6 http 3 17389.315
go 55 1877040 800 0 2048 1 http 4 93871.685
theguardian 228 3147398 800 0 512 18 http 0 36772.582
go 55 1877040 20 0 0 18 http 0 2346.326
go 55 1877040 800 0 512 6 http 4 34964.301
go 55 1877040 20 0.03 0 6 http 2 2750.191
theguardian 228 3147398 20 0.015 512 18 http 4 7843.358
stackoverflow 24 600434 80 0.015 512 18 http 1 4917.296
stackoverflow 24 600434 194 0.03 0 1 http 3 17392.543
theguardian 228 3147398 194 0.03 512 1 http 0 140839.71
theguardian 228 3147398 20 0 2048 6 http 0 7603.491
stackoverflow 24 600434 80 0.03 512 6 http 3 5280.357
stackoverflow 24 600434 80 0.03 512 6 http 0 7566.352
stackoverflow 24 600434 194 0 2048 18 http 2 5957.837
go 55 1877040 194 0.015 0 1 http 1 36403.225
stackoverflow 24 600434 800 0.03 2048 1 http 4 90952.762
theguardian 228 3147398 20 0.03 2048 18 http 2 8767.676
theguardian 228 3147398 800 0.015 512 6 http 1 113254.039
go 55 1877040 80 0 0 6 http 4 4057.117
go 55 1877040 80 0 2048 18 http 1 3864.317
theguardian 228 3147398 80 0.015 0 1 http 2 39726.456
go 55 1877040 194 0.015 512 18 http 1 11442.225
theguardian 228 3147398 800 0 2048 18 http 0 38477.479
stackoverflow 24 600434 194 0.03 512 6 http 4 9543.399
theguardian 228 3147398 800 0 0 6 http 0 51533.671
theguardian 228 3147398 194 0.03 512 1 http 2 139014.919
stackoverflow 24 600434 80 0.015 512 18 http 3 4684.631
go 55 1877040 800 0.03 2048 18 http 4 45973.968
theguardian 228 3147398 194 0 2048 1 http 4 57022.421
stackoverflow 24 600434 800 0 0 18 http 2 20031.354
go 55 1877040 194 0 2048 18 http 1 7552.809
stackoverflow 24 600434 800 0.03 512 18 http 4 34912.498
go 55 1877040 20 0.03 0 6 http 0 3583.731
go 55 1877040 800 0 0 18 http 2 30204.089
stackoverflow 24 600434 20 0 0 18 http 1 2824.133
theguardian 228 3147398 80 0.015 512 18 http 1 11097.509
theguardian 228 3147398 20 0.015 2048 6 http 3 8496.434
stackoverflow 24 600434 20 0 2048 18 http 0 2890.423
stackoverflow 24 600434 20 0.015 2048 18 http 2 2905.563
theguardian 228 3147398 20 0.03 2048 18 http 1 8145.665
theguardian 228 3147398 800 0.03 2048 1 http 3 532255.424
theguardian 228 3147398 194 0.015 512 1 http 1 94029.386
go 55 1877040 80 0 512 18 http 3 3864.377
theguardian 228 3147398 800 0.03 2048 6 http 3 132401.386
stackoverflow 24 600434 20 0.015 2048 1 http 1 3586.506
go 55 1877040 194 0 512 1 http 2 23470.51
go 55 1877040 80 0.03 0 6 http 3 7255.077
go 55 1877040 800 0.015 512 18 http 4 62785.145
stackoverflow 24 600434 800 0.015 512 18 http 4 24027.626
theguardian 228 3147398 800 0 2048 1 http 3 236809.689
stackoverflow 24 600434 20 0.015 512 18 http 3 2987.604
go 55 1877040 194 0 512 18 http 4 7551.926
theguardian 228 3147398 20 0.015 512 6 http 3 8250.047
theguardian 228 3147398 194 0.03 0 6 http 1 32909.867
go 55 1877040 20 0.015 0 1 http 1 4886.755
go 55 1877040 194 0 512 18 http 0 7550.162
theguardian 228 3147398 80 0.03 2048 18 http 0 12773.531
go 55 1877040 20 0 2048 1 http 0 2580.529
stackoverflow 24 600434 80 0.015 2048 18 http 4 4865.082
stackoverflow 24 600434 800 0.015 0 6 http 2 30496.949
theguardian 228 3147398 80 0.03 512 18 http 0 11884.021
theguardian 228 3147398 194 0.03 2048 1 http 3 146429.011
go 55 1877040 80 0.03 0 6 http 2 8993.288
theguardian 228 3147398 800 0.03 512 6 http 1 112970.672
go 55 1877040 194 0 0 1 http 4 23145.578
theguardian 228 3147398 800 0 2048 6 http 3 54769.554
theguardian 228 3147398 194 0 512 6 http 4 13212.069
stackoverflow 24 600434 80 0 2048 1 http 4 3665.194
theguardian 228 3147398 800 0.015 512 6 http 3 93924.081
go 55 1877040 20 0 512 6 http 2 2317.034
theguardian 228 3147398 800 0.015 2048 18 http 2 60818.382
theguardian 228 3147398 194 0 512 1 http 2 50603.979
theguardian 228 3147398 80 0.015 512 1 http 0 45393.8
go 55 1877040 80 0.015 512 1 http 1 16425.382
theguardian 228 3147398 194 0.015 2048 18 http 3 18618.536
stackoverflow 24 600434 800 0.015 2048 6 http 4 27126.079
stackoverflow 24 600434 800 0.03 0 18 http 2 40290.957
theguardian 228 3147398 800 0.03 512 18 http 4 82010.65
go 55 1877040 80 0.015 2048 6 http 3 7056.874
go 55 1877040 80 0.015 2048 18 http 3 5314.323
stackoverflow 24 600434 194 0 2048 6 http 1 5957.735
theguardian 228 3147398 80 0.03 512 1 http 1 62625.451
stackoverflow 24 600434 194 0 512 18 http 4 5958.288
theguardian 228 3147398 800 0 512 6 http 3 55502.415
stackoverflow 24 600434 80 0.03 0 6 http 0 5504.6
stackoverflow 24 600434 80 0.015 512 1 http 4 7169.833
stackoverflow 24 600434 80 0 2048 18 http 3 4161.591
stackoverflow 24 600434 80 0.03 512 6 http 2 6473.62
theguardian 228 3147398 194 0.03 0 18 http 4 22623.734
stackoverflow 24 600434 20 0 0 1 http 3 2661.028
theguardian 228 3147398 20 0.015 2048 1 http 3 12926.489
go 55 1877040 194 0.015 0 1 http 2 51083.354
stackoverflow 24 600434 194 0.03 2048 18 http 3 8089.668
stackoverflow 24 600434 20 0 2048 18 http 2 2885.821
theguardian 228 3147398 20 0 512 18 http 4 7603.382
go 55 1877040 800 0.03 2048 1 http 2 262653.124
theguardian 228 3147398 194 0.03 0 18 http 2 24488.841
go 55 1877040 800 0.03 512 18 http 4 63678.904
theguardian 228 3147398 80 0.015 2048 18 http 3 10591.025
go 55 1877040 20 0.015 2048 6 http 4 2553.968
theguardian 228 3147398 20 0 512 1 http 1 9036.829
theguardian 228 3147398 20 0.015 512 6 http 1 8662.037
go 55 1877040 800 0 2048 18 http 3 34270.557
stackoverflow 24 600434 20 0.015 512 6 http 4 3046.169
theguardian 228 3147398 800 0.03 2048 1 http 2 537498.435
theguardian 228 3147398 194 0.03 2048 6 http 2 32607.643
go 55 1877040 800 0.03 0 1 http 4 260162.485
stackoverflow 24 600434 194 0.03 2048 1 http 0 22974.575
theguardian 228 3147398 800 0.03 512 18 http 2 69768.772
stackoverflow 24 600434 800 0 0 18 http 0 20029.543
stackoverflow 24 600434 20 0.03 0 6 http 2 3320.062
go 55 1877040 800 0.015 2048 18 http 2 46229.97
go 55 1877040 80 0.03 512 18 http 1 8869.591
go 55 1877040 80 0.03 2048 1 http 0 25005.518
go 55 1877040 20 0.015 512 1 http 0 5211.337
go 55 1877040 800 0.015 0 18 http 1 39805.721
go 55 1877040 194 0.03 512 6 http 4 16536.809
go 55 1877040 20 0.03 2048 18 http 3 3253.101
theguardian 228 3147398 20 0.015 0 6 http 4 8441.127
go 55 1877040 194 0.03 0 1 http 0 59263.238
stackoverflow 24 600434 80 0.015 512 18 http 0 4386.191
theguardian 228 3147398 20 0.015 2048 1 http 1 14574.074
theguardian 228 3147398 20 0 512 1 http 4 8732.838
stackoverflow 24 600434 194 0 0 18 http 4 5959.795
stackoverflow 24 600434 800 0.03 512 1 http 3 72009.215
go 55 1877040 20 0.03 2048 18 http 0 3997.683
theguardian 228 3147398 80 0.015 512 6 http 1 12570.623
theguardian 228 3147398 20 0.03 2048 6 http 3 9895.774
stackoverflow 24 600434 20 0.03 512 6 http 4 3123.507
go 55 1877040 20 0.015 512 1 http 4 5563.217
theguardian 228 3147398 20 0.015 512 6 http 4 8108.841
stackoverflow 24 600434 800 0 0 1 http 3 36945.54
theguardian 228 3147398 800 0.015 2048 6 http 3 85827.996
stackoverflow 24 600434 20 0 0 6 http 0 2766.058
stackoverflow 24 600434 80 0.03 0 1 http 2 8476.662
theguardian 228 3147398 20 0.03 512 1 http 2 20116.782
stackoverflow 24 600434 800 0 2048 6 http 1 20028.431
go 55 1877040 80 0 2048 18 http 4 3865.445
theguardian 228 3147398 80 0.03 0 18 http 3 12085.636
go 55 1877040 80 0.015 2048 6 http 4 4862.076
go 55 1877040 80 0 0 18 http 4 3861.453
theguardian 228 3147398 800 0.015 2048 18 http 3 63596.318
stackoverflow 24 600434 800 0.03 512 6 http 0 35253.63
theguardian 228 3147398 80 0.015 512 1 http 2 40657.99
go 55 1877040 20 0.03 0 1 http 0 8716.684
theguardian 228 3147398 800 0 0 18 http 2 37480.762
stackoverflow 24 600434 800 0 512 6 http 0 19227.966
theguardian 228 3147398 800 0 0 1 http 2 213931.827
go 55 1877040 80 0.015 512 6 http 3 6130.873
stackoverflow 24 600434 800 0.015 512 1 http 3 69961.828
theguardian 228 3147398 800 0.015 0 1 http 4 403535.391
go 55 1877040 194 0.015 2048 18 http 1 13568.911
stackoverflow 24 600434 194 0.03 0 18 http 2 9169.241
go 55 1877040 800 0.03 0 1 http 1 250936.61
go 55 1877040 800 0 512 6 http 1 35561.871
go 55 1877040 20 0.03 2048 18 http 1 2839.007
theguardian 228 3147398 80 0 0 1 http 1 21960.652
stackoverflow 24 600434 194 0 2048 18 http 4 5983.117
theguardian 228 3147398 194 0.015 0 18 http 4 19399.628
go 55 1877040 194 0.015 512 1 http 0 46190.982
stackoverflow 24 600434 194 0.03 0 6 http 1 8974.654
stackoverflow 24 600434 80 0.03 2048 1 http 4 8675.668
stackoverflow 24 600434 80 0 512 1 http 2 3749.607
theguardian 228 3147398 800 0.03 512 18 http 3 65672.802
stackoverflow 24 600434 194 0.015 512 18 http 2 7476.585
theguardian 228 3147398 800 0.015 0 18 http 3 60779.751
theguardian 228 3147398 80 0.015 0 1 http 0 40241.464
theguardian 228 3147398 80 0 2048 6 http 1 9719.523
go 55 1877040 20 0 2048 6 http 0 2307.544
theguardian 228 3147398 194 0.015 512 6 http 4 20577.833
go 55 1877040 194 0.015 0 6 http 3 15692.646
stackoverflow 24 600434 20 0.03 0 1 http 3 3809.098
stackoverflow 24 600434 80 0.03 512 1 http 2 8500.085
theguardian 228 3147398 20 0 512 6 http 2 7645.601
theguardian 228 3147398 80 0 0 18 http 4 9065.438
stackoverflow 24 600434 800 0.03 512 18 http 2 32288.206
go 55 1877040 800 0.03 512 18 http 1 49699.542
stackoverflow 24 600434 20 0.03 2048 6 http 2 4040.311
go 55 1877040 194 0 2048 6 http 4 8717.284
go 55 1877040 20 0 0 18 http 3 2344.42
stackoverflow 24 600434 194 0 2048 1 http 3 8323.847
stackoverflow 24 600434 194 0.015 0 18 http 3 7509.244
go 55 1877040 80 0.03 512 18 http 0 7582.175
go 55 1877040 800 0 2048 6 http 1 33997.062
theguardian 228 3147398 194 0 0 1 http 0 52323.873
stackoverflow 24 600434 194 0.03 512 6 http 0 13659.779
go 55 1877040 80 0.015 0 1 http 3 16960.737
stackoverflow 24 600434 80 0.03 2048 18 http 4 4518.703
stackoverflow 24 600434 80 0 512 6 http 2 3906.131
go 55 1877040 800 0.015 512 6 http 0 50767.166
stackoverflow 24 600434 20 0 0 1 http 2 2692.043
theguardian 228 3147398 20 0 2048 18 http 1 7607.017
theguardian 228 3147398 20 0.03 0 18 http 3 8296.49
stackoverflow 24 600434 800 0.03 2048 18 http 2 49446.874
theguardian 228 3147398 80 0.015 512 1 http 3 42053.272
go 55 1877040 20 0.015 512 18 http 3 2901.172
go 55 1877040 194 0.03 2048 18 http 3 17302.22
stackoverflow 24 600434 800 0.03 512 6 http 2 41036.226
theguardian 228 3147398 80 0 512 18 http 3 8915.487
stackoverflow 24 600434 800 0.03 0 6 http 4 46069.258
theguardian 228 3147398 800 0.03 0 18 http 2 75073.214
theguardian 228 3147398 80 0.015 512 6 http 3 11543.172
go 55 1877040 194 0.03 0 18 http 3 11821.477
theguardian 228 3147398 20 0 0 1 http 4 8805.769
go 55 1877040 194 0 512 6 http 0 7838.531
theguardian 228 3147398 194 0 2048 6 http 2 13324.844
stackoverflow 24 600434 194 0.015 2048 6 http 4 9836.368
theguardian 228 3147398 194 0.03 2048 1 http 2 133349.536
go 55 1877040 20 0 0 1 http 3 2624.268
go 55 1877040 20 0.015 2048 18 http 2 2705.678
theguardian 228 3147398 194 0 0 18 http 3 12247.26
stackoverflow 24 600434 80 0.03 2048 6 http 3 5023.917
go 55 1877040 80 0.015 512 1 http 2 21772.819
stackoverflow 24 600434 20 0.015 0 6 http 3 2986.44
go 55 1877040 80 0 2048 6 http 4 3784.116
go 55 1877040 800 0.015 512 18 http 2 48671.782
go 55 1877040 20 0.03 2048 1 http 2 7429.937
theguardian 228 3147398 80 0.03 512 1 http 2 63457.187
theguardian 228 3147398 20 0.03 512 18 http 0 8403.869
theguardian 228 3147398 194 0 512 18 http 3 12474.421
theguardian 228 3147398 800 0.015 512 18 http 2 62515.071
theguardian 228 3147398 80 0 0 6 http 1 9729.114
theguardian 228 3147398 194 0 0 6 http 4 14683.256
theguardian 228 3147398 20 0.015 0 1 http 4 14404.634
theguardian 228 3147398 194 0.03 0 1 http 1 120384.837
go 55 1877040 194 0.03 2048 6 http 0 17792.88
stackoverflow 24 600434 800 0.03 0 1 http 0 79187.368
theguardian 228 3147398 80 0.03 0 18 http 2 12621.481
stackoverflow 24 600434 80 0.015 2048 1 http 1 7546.742
go 55 1877040 80 0.03 0 18 http 2 9065.208
go 55 1877040 80 0.015 2048 6 http 2 6641.891
go 55 1877040 194 0.03 512 18 http 3 14540.26
go 55 1877040 80 0 2048 1 http 1 9756.947
stackoverflow 24 600434 80 0.03 512 18 http 3 6129.274
go 55 1877040 194 0 512 1 http 1 22985.89
stackoverflow 24 600434 20 0.015 512 6 http 2 3047.294
go 55 1877040 20 0.015 0 6 http 4 3254.113
theguardian 228 3147398 194 0.03 2048 1 http 1 136344.009
theguardian 228 3147398 20 0.015 0 18 http 4 7762.575
theguardian 228 3147398 20 0 0 6 http 2 7654.695
stackoverflow 24 600434 80 0 2048 18 http 0 4149.299
stackoverflow 24 600434 20 0.015 2048 18 http 0 2927.996
theguardian 228 3147398 80 0.015 512 6 http 2 10756.044
go 55 1877040 80 0 0 18 http 2 3863.392
stackoverflow 24 600434 800 0.03 2048 6 http 0 46074.957
theguardian 228 3147398 194 0.015 2048 1 http 3 100573.019
theguardian 228 3147398 194 0 2048 18 http 0 11818.5
go 55 1877040 80 0 512 1 http 2 10090.203
stackoverflow 24 600434 194 0.015 2048 18 http 4 9740.452
stackoverflow 24 600434 800 0 0 18 http 3 20031.446
go 55 1877040 80 0.03 2048 6 http 4 10395.269
stackoverflow 24 600434 800 0 512 18 http 2 20029.505
go 55 1877040 80 0.015 0 6 http 3 5764.29
stackoverflow 24 600434 20 0.015 2048 1 http 3 3336.267
stackoverflow 24 600434 80 0.03 2048 18 http 3 6511.761
theguardian 228 3147398 800 0.03 512 6 http 0 126068.123
theguardian 228 3147398 20 0 0 1 http 0 9863.691
go 55 1877040 800 0.015 0 18 http 2 41398.556
stackoverflow 24 600434 20 0.03 2048 18 http 0 3025.862
stackoverflow 24 600434 20 0.03 2048 18 http 3 2983.88
stackoverflow 24 600434 80 0 2048 18 http 2 4146.4
stackoverflow 24 600434 800 0 0 1 http 4 36024.707
theguardian 228 3147398 194 0 2048 18 http 3 11985.4
stackoverflow 24 600434 194 0.015 0 18 http 0 11073.631
stackoverflow 24 600434 194 0.03 512 1 http 4 23957.858
theguardian 228 3147398 80 0.03 2048 6 http 0 14616.804
go 55 1877040 194 0.03 0 18 http 1 15758.925
theguardian 228 3147398 800 0.03 2048 1 http 1 529532.148
go 55 1877040 194 0 512 1 http 4 22661.663
go 55 1877040 20 0 2048 1 http 4 2706.86
theguardian 228 3147398 80 0 2048 6 http 3 9383.911
theguardian 228 3147398 194 0.015 2048 18 http 2 17999.235
theguardian 228 3147398 80 0 0 6 http 0 9526.331
stackoverflow 24 600434 194 0 2048 1 http 4 8550.67
theguardian 228 3147398 80 0 512 6 http 4 9378.89
go 55 1877040 194 0 0 18 http 2 7548.897
stackoverflow 24 600434 194 0.015 512 6 http 2 8093.414
stackoverflow 24 600434 80 0.03 512 18 http 1 5240.342
theguardian 228 3147398 194 0.03 512 1 http 4 126415.571
go 55 1877040 20 0 2048 18 http 1 2343.273
theguardian 228 3147398 20 0 2048 1 http 4 8890.787
go 55 1877040 800 0.015 0 6 http 1 65075.329
theguardian 228 3147398 194 0.03 0 6 http 2 29024.933
go 55 1877040 20 0 512 6 http 3 2317.389
go 55 1877040 80 0 512 6 http 4 4161.067
stackoverflow 24 600434 80 0.03 512 1 http 4 7239.937
theguardian 228 3147398 800 0.015 2048 6 http 4 79689.206
go 55 1877040 800 0.03 2048 6 http 1 86212.701
stackoverflow 24 600434 800 0 0 18 http 4 20027.168
stackoverflow 24 600434 800 0.03 2048 1 http 1 119472.248
theguardian 228 3147398 80 0 2048 1 http 4 21916.276
stackoverflow 24 600434 80 0.03 2048 1 http 3 7697.594
theguardian 228 3147398 194 0 2048 1 http 2 50229.754
theguardian 228 3147398 80 0.015 2048 1 http 4 44360.757
stackoverflow 24 600434 194 0.015 512 18 http 0 7758.878
go 55 1877040 194 0 0 18 http 3 7550.908
theguardian 228 3147398 194 0.015 2048 1 http 0 107811.68
theguardian 228 3147398 194 0.03 512 18 http 1 23884.951
go 55 1877040 80 0 2048 1 http 4 9628.914
stackoverflow 24 600434 194 0 0 6 http 4 5958.265
stackoverflow 24 600434 80 0.015 2048 6 http 1 4626.139
theguardian 228 3147398 20 0 2048 1 http 0 20673.828
go 55 1877040 20 0.03 2048 1 http 1 8929.298
theguardian 228 3147398 194 0.015 512 1 http 4 92127.275
theguardian 228 3147398 80 0 512 6 http 2 9112.051
go 55 1877040 800 0 512 1 http 2 91746.205
stackoverflow 24 600434 20 0 2048 6 http 3 2844.339
stackoverflow 24 600434 194 0.015 512 1 http 3 14313.244
theguardian 228 3147398 800 0.015 0 6 http 2 102875.281
theguardian 228 3147398 800 0 2048 18 http 2 40006.119
stackoverflow 24 600434 20 0.03 0 6 http 0 3228.532
go 55 1877040 194 0 512 6 http 4 7913.828
theguardian 228 3147398 20 0 0 1 http 1 9244.67
stackoverflow 24 600434 194 0.015 0 6 http 1 7626.31
stackoverflow 24 600434 80 0 512 18 http 2 4147.916
theguardian 228 3147398 194 0.015 2048 6 http 4 25413.042
theguardian 228 3147398 20 0.015 2048 18 http 3 8441.66
go 55 1877040 194 0.015 512 1 http 4 41946.365
go 55 1877040 194 0 2048 18 http 4 7564.89
theguardian 228 3147398 80 0.03 0 6 http 4 14326.87
go 55 1877040 194 0.03 2048 1 http 2 63625.965
go 55 1877040 20 0.015 512 18 http 1 2619.36
theguardian 228 3147398 80 0.015 2048 18 http 4 11510.491
go 55 1877040 194 0.03 2048 6 http 1 15319.454
theguardian 228 3147398 800 0 0 1 http 3 238820.119
go 55 1877040 20 0 512 18 http 1 2345.103
stackoverflow 24 600434 80 0 2048 1 http 1 3668.303
theguardian 228 3147398 800 0 2048 6 http 0 53781.657
theguardian 228 3147398 20 0 0 18 http 1 7603.438
go 55 1877040 20 0.015 512 6 http 1 2568.619
theguardian 228 3147398 194 0.03 512 18 http 3 24790.819
theguardian 228 3147398 800 0.03 512 1 http 2 507660.217
stackoverflow 24 600434 800 0.015 0 6 http 1 30624.018
go 55 1877040 800 0 0 18 http 4 33405.465
go 55 1877040 194 0.03 0 6 http 4 21889.607
go 55 1877040 20 0 2048 6 http 3 2310.993
theguardian 228 3147398 800 0.015 2048 6 http 2 94149.526
go 55 1877040 20 0.03 512 1 http 3 9152.485
theguardian 228 3147398 20 0.03 2048 1 http 1 17957.14
theguardian 228 3147398 194 0.03 2048 6 http 0 34701.528
stackoverflow 24 600434 20 0.03 512 1 http 2 3201.533
go 55 1877040 80 0 512 6 http 2 4030.067
theguardian 228 3147398 800 0.03 512 1 http 3 547894.077
go 55 1877040 194 0.03 2048 1 http 4 54003.191
theguardian 228 3147398 20 0 0 6 http 3 7618.439
go 55 1877040 800 0.03 512 6 http 1 67817.69
go 55 1877040 194 0 0 1 http 3 23022.954
go 55 1877040 80 0.03 2048 6 http 0 10040.604
stackoverflow 24 600434 20 0.015 512 18 http 0 2986.953
go 55 1877040 194 0.015 512 1 http 3 41346.1
theguardian 228 3147398 20 0.015 2048 18 http 4 7850.317
go 55 1877040 20 0.015 2048 6 http 2 3028.942
theguardian 228 3147398 80 0.03 512 6 http 1 14330.041
go 55 1877040 20 0.03 2048 6 http 2 3221.956
go 55 1877040 800 0 2048 1 http 2 92540.332
stackoverflow 24 600434 80 0 2048 6 http 3 3907.375
go 55 1877040 80 0.015 512 18 http 4 5310.841
stackoverflow 24 600434 194 0 512 18 http 1 5958.192
theguardian 228 3147398 20 0 0 6 http 4 7658.053
go 55 1877040 20 0.03 512 1 http 0 8695.659
go 55 1877040 20 0 0 18 http 1 2342.203
theguardian 228 3147398 80 0.015 0 1 http 4 45203.415
stackoverflow 24 600434 20 0.03 2048 18 http 2 3477.649
stackoverflow 24 600434 194 0 2048 18 http 1 5959.11
go 55 1877040 80 0 2048 1 http 2 9849.711
go 55 1877040 80 0 0 1 http 3 11114.795
theguardian 228 3147398 800 0 0 6 http 2 53060.846
go 55 1877040 194 0 0 6 http 3 7981.451
stackoverflow 24 600434 20 0.03 512 1 http 4 3388.971
go 55 1877040 194 0 0 6 http 1 7748.24
go 55 1877040 800 0.015 2048 6 http 0 53202.44
stackoverflow 24 600434 80 0.015 0 1 http 1 8745.758
theguardian 228 3147398 80 0.03 2048 18 http 3 12063.676
go 55 1877040 194 0.03 0 18 http 0 15726.757
theguardian 228 3147398 20 0.015 0 6 http 1 8204.815
stackoverflow 24 600434 80 0 2048 6 http 0 3984.518
go 55 1877040 194 0.03 512 6 http 1 18869.357
theguardian 228 3147398 194 0.03 0 18 http 1 19639.998
go 55 1877040 80 0.015 512 6 http 2 7101.541
stackoverflow 24 600434 80 0.015 2048 1 http 3 6369.773
stackoverflow 24 600434 20 0.03 0 6 http 4 3202.016
theguardian 228 3147398 20 0.03 2048 1 http 0 21861.449
theguardian 228 3147398 800 0 0 1 http 4 211661.872
go 55 1877040 20 0.015 2048 1 http 0 5895.753
stackoverflow 24 600434 800 0.015 2048 18 http 4 33625.135
go 55 1877040 800 0 0 6 http 4 38765.558
go 55 1877040 80 0.03 0 1 http 1 25501.447
theguardian 228 3147398 800 0.03 512 6 http 4 114147.559
stackoverflow 24 600434 80 0 2048 18 http 4 4145.814
go 55 1877040 80 0.015 512 1 http 0 19278.398
stackoverflow 24 600434 194 0.03 512 6 http 3 11756.848
stackoverflow 24 600434 194 0.015 512 18 http 3 6796.006
go 55 1877040 194 0 2048 1 http 3 22084.424
go 55 1877040 20 0.03 2048 1 http 3 7621.54
theguardian 228 3147398 80 0 0 18 http 3 9017.277
theguardian 228 3147398 194 0.03 2048 1 http 4 134955.71
stackoverflow 24 600434 800 0.03 0 1 http 3 84616.538
stackoverflow 24 600434 800 0.015 0 18 http 3 34425.11
go 55 1877040 80 0.015 512 18 http 1 5679.187
stackoverflow 24 600434 800 0 512 18 http 0 20029.192
stackoverflow 24 600434 80 0.03 512 18 http 2 6282.471
stackoverflow 24 600434 800 0 512 1 http 1 34458.636
stackoverflow 24 600434 194 0.015 512 1 http 4 14278.957
theguardian 228 3147398 194 0 2048 1 http 3 50787.013
theguardian 228 3147398 20 0.03 0 1 http 2 18723.369
stackoverflow 24 600434 80 0 512 18 http 0 4148.478
theguardian 228 3147398 800 0.015 2048 18 http 1 71110.897
go 55 1877040 800 0.03 512 18 http 3 55942.889
theguardian 228 3147398 80 0.015 2048 1 http 2 42395.392
go 55 1877040 20 0.03 0 1 http 3 6716.864
theguardian 228 3147398 20 0 0 1 http 2 9942.572
stackoverflow 24 600434 20 0 2048 1 http 2 2662.645
stackoverflow 24 600434 20 0.015 2048 6 http 1 3045.192
stackoverflow 24 600434 20 0.03 512 1 http 3 3525.432
theguardian 228 3147398 800 0.015 2048 1 http 0 391784.791
stackoverflow 24 600434 20 0.015 2048 6 http 3 2986.353
stackoverflow 24 600434 194 0 512 1 http 3 8173.042
go 55 1877040 20 0 512 18 http 2 2344.258
go 55 1877040 20 0.03 512 18 http 2 3161.908
go 55 1877040 800 0.03 2048 1 http 0 234392.058
theguardian 228 3147398 800 0 0 6 http 4 52262.415
go 55 1877040 800 0.015 512 6 http 2 56328.121
go 55 1877040 80 0 2048 18 http 0 3864.241
go 55 1877040 800 0.03 512 18 http 0 65540.207
stackoverflow 24 600434 800 0.015 512 6 http 4 31439.583
theguardian 228 3147398 194 0.015 0 1 http 2 107234.315
theguardian 228 3147398 194 0 512 6 http 3 14673.693
go 55 1877040 194 0 2048 1 http 1 29664.377
stackoverflow 24 600434 80 0.03 512 18 http 0 5423.772
theguardian 228 3147398 800 0.03 0 1 http 4 503696.486
stackoverflow 24 600434 194 0.015 512 6 http 1 8006.348
go 55 1877040 80 0 2048 1 http 0 9809.277
theguardian 228 3147398 80 0.03 512 1 http 0 58452.556
theguardian 228 3147398 800 0 512 18 http 1 36581.832
theguardian 228 3147398 194 0.015 2048 18 http 4 19652.85
theguardian 228 3147398 80 0 512 18 http 2 9067.657
stackoverflow 24 600434 20 0.015 512 1 http 1 3847.534
theguardian 228 3147398 80 0.015 2048 1 http 1 47617.85
theguardian 228 3147398 800 0.015 512 1 http 2 384275.541
stackoverflow 24 600434 80 0.03 0 1 http 1 10371.915
stackoverflow 24 600434 80 0.015 0 1 http 4 7479.817
go 55 1877040 80 0.03 2048 18 http 1 7407.324
theguardian 228 3147398 80 0.03 512 18 http 4 13369.072
theguardian 228 3147398 20 0 0 18 http 3 7599.786
go 55 1877040 20 0 2048 6 http 2 2307.073
stackoverflow 24 600434 800 0.03 0 1 http 4 74918.12
stackoverflow 24 600434 80 0.015 2048 1 http 0 5773.756
go 55 1877040 80 0.015 2048 18 http 0 5315.207
theguardian 228 3147398 194 0 512 1 http 4 50863.872
go 55 1877040 194 0.015 0 6 http 2 16114.607
stackoverflow 24 600434 80 0 0 1 http 2 3987.071
theguardian 228 3147398 800 0.03 0 6 http 1 122596.425
stackoverflow 24 600434 20 0.015 0 1 http 1 3019.891
theguardian 228 3147398 80 0.015 2048 1 http 3 41666.121
go 55 1877040 194 0.03 0 1 http 3 65934.944
theguardian 228 3147398 194 0.015 0 6 http 4 23909.238
go 55 1877040 800 0 512 18 http 4 30198.445
go 55 1877040 194 0 2048 6 http 3 8765.299
theguardian 228 3147398 800 0.03 512 1 http 1 554449.052
go 55 1877040 194 0.03 2048 6 http 4 22208.657
go 55 1877040 20 0 0 6 http 0 2313.312
go 55 1877040 194 0.03 0 6 http 2 15727.972
theguardian 228 3147398 800 0.015 0 18 http 4 60010.189
go 55 1877040 800 0 512 18 http 2 33468.638
go 55 1877040 800 0.03 2048 6 http 4 74986.052
theguardian 228 3147398 80 0.03 512 6 http 0 14700.572
stackoverflow 24 600434 80 0.03 512 1 http 0 8151.862
theguardian 228 3147398 20 0.03 0 18 http 4 9324.451
theguardian 228 3147398 20 0 0 6 http 1 7584.735
stackoverflow 24 600434 20 0 0 1 http 1 2661.29
stackoverflow 24 600434 800 0.015 0 1 http 3 61365.005
stackoverflow 24 600434 194 0.03 2048 6 http 0 9944.185
theguardian 228 3147398 800 0.03 0 6 http 4 109265.486
go 55 1877040 800 0.015 0 1 http 2 196392.884
stackoverflow 24 600434 20 0 512 18 http 3 2886.105
stackoverflow 24 600434 20 0 0 18 http 3 2843.674
stackoverflow 24 600434 800 0 512 6 http 3 20029.127
theguardian 228 3147398 800 0.015 2048 1 http 4 406133.176
go 55 1877040 800 0.03 2048 1 http 4 207602.519
theguardian 228 3147398 194 0.015 2048 6 http 1 22431.341
go 55 1877040 80 0.015 0 18 http 4 5550.231
stackoverflow 24 600434 194 0.03 2048 18 http 2 7630.862
go 55 1877040 20 0.03 512 1 http 4 7616.849
theguardian 228 3147398 20 0.03 0 6 http 2 9311.304
go 55 1877040 800 0.015 2048 18 http 0 52363.639
stackoverflow 24 600434 80 0.015 2048 1 http 2 6859.823
theguardian 228 3147398 20 0.015 512 1 http 4 14990.615
theguardian 228 3147398 194 0 0 6 http 3 14465.475
theguardian 228 3147398 800 0.03 0 18 http 1 69743.381
theguardian 228 3147398 20 0 512 18 http 0 7602.114
go 55 1877040 194 0.015 0 1 http 0 46635.242
theguardian 228 3147398 80 0 0 18 http 2 8882.34
theguardian 228 3147398 80 0.03 0 1 http 0 61472.773
stackoverflow 24 600434 20 0 2048 6 http 4 2827.238
stackoverflow 24 600434 800 0 0 6 http 1 19226.894
stackoverflow 24 600434 80 0 2048 1 http 2 3668.352
go 55 1877040 20 0 0 6 http 1 2344.518
go 55 1877040 800 0.015 0 18 http 0 51618.447
stackoverflow 24 600434 80 0.03 0 6 http 3 6373.248
stackoverflow 24 600434 800 0.015 512 1 http 2 61925.162
theguardian 228 3147398 20 0 2048 1 http 1 9047.865
go 55 1877040 20 0.03 0 18 http 2 2749.859
stackoverflow 24 600434 194 0 0 6 http 2 5958.032
go 55 1877040 800 0 2048 1 http 1 92464.853
theguardian 228 3147398 20 0.03 2048 6 http 1 9240.323
theguardian 228 3147398 194 0.015 2048 1 http 4 99452.507
go 55 1877040 194 0.03 0 6 http 1 18516.844
stackoverflow 24 600434 20 0.015 512 1 http 3 3024.239
go 55 1877040 800 0 512 1 http 4 92398.86
go 55 1877040 80 0.015 0 18 http 1 5392.001
stackoverflow 24 600434 80 0.015 512 6 http 0 4682.957
go 55 1877040 80 0.015 0 1 http 2 15251.879
theguardian 228 3147398 194 0.03 2048 6 http 3 30453.577
theguardian 228 3147398 194 0.015 0 18 http 0 16919.39
go 55 1877040 194 0.015 0 1 http 4 48430.12
theguardian 228 3147398 194 0 0 18 http 4 11967.894
go 55 1877040 800 0.03 0 18 http 0 72678.33
stackoverflow 24 600434 20 0.015 512 6 http 3 2966.356
stackoverflow 24 600434 800 0.03 512 6 http 1 36540.608
stackoverflow 24 600434 20 0.03 512 18 http 0 3048.139
go 55 1877040 20 0.015 512 1 http 2 6830.163
go 55 1877040 800 0.015 0 1 http 4 182159.193
theguardian 228 3147398 20 0.015 2048 1 http 0 15654.549
go 55 1877040 194 0.015 2048 1 http 2 48731.525
theguardian 228 3147398 80 0.03 2048 1 http 2 65944.422
go 55 1877040 80 0 2048 1 http 3 9731.873
theguardian 228 3147398 800 0.015 512 6 http 0 94192.903
stackoverflow 24 600434 800 0 512 6 http 1 19229.213
stackoverflow 24 600434 800 0 0 1 http 0 36024.224
stackoverflow 24 600434 20 0 512 6 http 2 2826.642
theguardian 228 3147398 800 0.015 0 6 http 0 80898.443
theguardian 228 3147398 194 0 2048 18 http 1 12110.518
go 55 1877040 800 0 2048 18 http 4 30199.959
theguardian 228 3147398 194 0 0 18 http 1 11761.664
go 55 1877040 20 0.03 512 18 http 3 3880.878
stackoverflow 24 600434 20 0.015 0 6 http 2 3367.031
go 55 1877040 80 0 0 6 http 2 4264.658
go 55 1877040 80 0.03 2048 6 http 3 7711.137
theguardian 228 3147398 20 0 2048 18 http 2 7604.886
stackoverflow 24 600434 80 0 512 1 http 4 3747.08
theguardian 228 3147398 194 0.03 512 6 http 0 32380.665
theguardian 228 3147398 800 0 0 18 http 1 36751.074
theguardian 228 3147398 80 0 2048 18 http 3 8984.711
stackoverflow 24 600434 800 0.015 2048 6 http 1 31458.488
go 55 1877040 800 0.015 2048 6 http 2 47047.314
go 55 1877040 800 0 512 6 http 2 34769.98
stackoverflow 24 600434 800 0 512 1 http 3 34438.327
go 55 1877040 80 0 0 6 http 3 3943.103
go 55 1877040 20 0.03 2048 18 http 4 2630.077
stackoverflow 24 600434 20 0.015 2048 1 http 0 4041.76
go 55 1877040 80 0.015 512 1 http 4 18508.399
go 55 1877040 194 0.015 2048 18 http 4 11235.318
stackoverflow 24 600434 194 0.03 2048 6 http 3 12770.088
stackoverflow 24 600434 194 0 512 1 http 2 8262.999
theguardian 228 3147398 80 0 0 6 http 4 9612.022
stackoverflow 24 600434 20 0 2048 18 http 3 2886.011
stackoverflow 24 600434 800 0.015 0 1 http 4 70111.267
stackoverflow 24 600434 194 0.03 2048 1 http 3 16527.483
stackoverflow 24 600434 80 0.03 2048 18 http 1 6216.948
theguardian 228 3147398 194 0 512 6 http 2 13238.973
stackoverflow 24 600434 800 0.03 0 6 http 1 45963.089
theguardian 228 3147398 800 0.03 0 1 http 1 536489.506
stackoverflow 24 600434 20 0.015 2048 1 http 2 3277.068
go 55 1877040 800 0.03 512 6 http 3 76370.88
go 55 1877040 800 0 0 6 http 3 32335.917
theguardian 228 3147398 194 0.015 512 18 http 4 16639.639
stackoverflow 24 600434 194 0.015 0 18 http 2 7705.657
stackoverflow 24 600434 80 0.015 2048 6 http 0 5394.321
go 55 1877040 80 0 2048 6 http 0 4220.241
stackoverflow 24 600434 800 0 0 18 http 1 20029.678
stackoverflow 24 600434 800 0 2048 6 http 3 20033.475
stackoverflow 24 600434 80 0.03 2048 6 http 2 5564.3
go 55 1877040 800 0.015 0 6 http 2 51869.798
stackoverflow 24 600434 20 0.015 2048 6 http 4 3026.285
theguardian 228 3147398 800 0 0 18 http 4 37832.306
theguardian 228 3147398 20 0.015 0 1 http 1 14007.124
stackoverflow 24 600434 800 0.015 512 18 http 2 37060.676
theguardian 228 3147398 20 0.03 0 6 http 3 9040.484
go 55 1877040 194 0.03 0 18 http 4 14753.302
go 55 1877040 20 0 2048 18 http 3 2519.099
stackoverflow 24 600434 800 0.03 512 18 http 1 51161.001
go 55 1877040 20 0.03 0 6 http 4 3845.875
stackoverflow 24 600434 80 0 0 6 http 2 3747.977
theguardian 228 3147398 800 0.015 0 18 http 2 43762.407
stackoverflow 24 600434 800 0 2048 1 http 0 32846.341
theguardian 228 3147398 80 0.03 2048 6 http 2 14558.213
stackoverflow 24 600434 20 0 0 6 http 2 2806.032
theguardian 228 3147398 800 0 0 18 http 0 38381.774
stackoverflow 24 600434 80 0 0 18 http 2 3905.195
stackoverflow 24 600434 80 0.015 2048 6 http 2 5106.443
stackoverflow 24 600434 80 0.03 512 6 http 1 7127.389
stackoverflow 24 600434 20 0.03 0 18 http 3 2986.774
go 55 1877040 194 0.015 2048 1 http 3 45840.258
stackoverflow 24 600434 20 0.03 512 6 http 0 3195.544
stackoverflow 24 600434 800 0.03 2048 1 http 3 66279.376
stackoverflow 24 600434 194 0 2048 1 http 1 8174.149
go 55 1877040 194 0.015 0 6 http 0 13788.535
stackoverflow 24 600434 800 0.03 512 6 http 4 36026.692
theguardian 228 3147398 194 0 2048 6 http 1 13454.125
theguardian 228 3147398 194 0 512 6 http 1 13304.483
go 55 1877040 20 0.03 512 6 http 4 2954.926
go 55 1877040 80 0 512 18 http 4 3865.827
go 55 1877040 20 0.015 2048 18 http 1 2541.196
go 55 1877040 194 0.015 2048 6 http 1 13873.52
stackoverflow 24 600434 800 0 0 1 http 1 36899.611
stackoverflow 24 600434 800 0 512 6 http 2 20828.968
stackoverflow 24 600434 80 0.03 0 6 http 1 5024.165
go 55 1877040 20 0.03 0 6 http 3 2694.291
stackoverflow 24 600434 194 0.03 2048 18 http 1 12497.295
theguardian 228 3147398 80 0.03 0 1 http 4 63437.943
theguardian 228 3147398 20 0.015 2048 6 http 4 8104.967
theguardian 228 3147398 20 0.015 512 6 http 0 8271.965
stackoverflow 24 600434 800 0.015 2048 18 http 1 23679.944
stackoverflow 24 600434 800 0 0 6 http 3 19243.342
go 55 1877040 800 0.015 2048 6 http 4 53996.472
stackoverflow 24 600434 800 0.03 2048 1 http 2 69243.399
theguardian 228 3147398 20 0 2048 18 http 4 7603.872
go 55 1877040 20 0 2048 18 http 2 2520.375
stackoverflow 24 600434 20 0.015 0 18 http 4 3293.698
go 55 1877040 20 0.015 512 6 http 4 2687.408
go 55 1877040 194 0.03 0 6 http 0 20947.431
go 55 1877040 194 0 512 6 http 1 7373.689
go 55 1877040 800 0.03 0 18 http 4 70545.372
theguardian 228 3147398 80 0.015 512 1 http 4 44364.87
stackoverflow 24 600434 20 0 2048 1 http 1 2660.768
stackoverflow 24 600434 80 0.03 512 6 http 4 5980.314
stackoverflow 24 600434 20 0.03 512 18 http 4 3747.349
go 55 1877040 800 0 0 6 http 0 35722.117
stackoverflow 24 600434 194 0.03 512 18 http 1 12343.234
go 55 1877040 194 0.03 2048 6 http 2 22577.524
go 55 1877040 194 0.015 2048 1 http 0 43530.434
theguardian 228 3147398 800 0.03 2048 6 http 0 123182.426
theguardian 228 3147398 80 0.015 2048 18 http 1 11985.265
stackoverflow 24 600434 20 0 2048 6 http 0 2848.551
go 55 1877040 80 0.03 512 6 http 2 7696.314
stackoverflow 24 600434 80 0 2048 1 http 0 3666.93
go 55 1877040 800 0.015 2048 6 http 3 59807.699
theguardian 228 3147398 20 0.03 0 1 http 3 20703.565
theguardian 228 3147398 20 0 2048 6 http 2 7645.19
theguardian 228 3147398 194 0.03 0 1 http 2 124003.071
stackoverflow 24 600434 194 0.03 0 1 http 1 17966.085
go 55 1877040 800 0 2048 18 http 2 30211.632
theguardian 228 3147398 800 0.03 2048 18 http 4 72335.162
go 55 1877040 800 0.015 512 6 http 4 58610.113
stackoverflow 24 600434 20 0 2048 6 http 1 2824.725
stackoverflow 24 600434 80 0.03 0 1 http 0 10556.38
go 55 1877040 20 0 512 1 http 0 2611.502
theguardian 228 3147398 800 0.03 512 6 http 3 123527.585
go 55 1877040 20 0.015 2048 18 http 0 2698.976
stackoverflow 24 600434 20 0 512 6 http 1 2825.696
theguardian 228 3147398 800 0.03 0 18 http 3 69516.81
stackoverflow 24 600434 80 0.03 512 1 http 1 8604.734
theguardian 228 3147398 20 0.015 512 1 http 3 15041.769
stackoverflow 24 600434 800 0 2048 18 http 3 21627.18
stackoverflow 24 600434 800 0.015 0 18 http 1 36523.954
theguardian 228 3147398 194 0.015 512 18 http 2 21202.898
go 55 1877040 20 0 0 6 http 2 2303.547
theguardian 228 3147398 800 0.015 0 18 http 1 63495.71
stackoverflow 24 600434 194 0.03 512 1 http 1 22500.884
go 55 1877040 80 0 2048 6 http 2 3981.467
go 55 1877040 80 0 2048 18 http 3 3864.375
go 55 1877040 800 0.03 0 6 http 3 78179.185
go 55 1877040 194 0.015 0 6 http 1 12428.863
go 55 1877040 20 0 512 18 http 3 2343.27
go 55 1877040 20 0.03 0 1 http 4 7736.632
theguardian 228 3147398 194 0 512 1 http 3 50283.374
stackoverflow 24 600434 20 0.03 2048 1 http 1 3509.533
theguardian 228 3147398 20 0.03 0 18 http 1 8501.689
go 55 1877040 800 0 512 18 http 0 30197.57
theguardian 228 3147398 800 0.015 512 6 http 2 93221.674
stackoverflow 24 600434 194 0.03 0 1 http 4 18367.64
stackoverflow 24 600434 80 0.03 2048 1 http 1 10348.671
stackoverflow 24 600434 20 0.015 512 18 http 1 3025.917
theguardian 228 3147398 800 0 512 1 http 2 212493.673
stackoverflow 24 600434 20 0.03 2048 1 http 0 3296
theguardian 228 3147398 800 0 2048 1 http 1 230711.446
stackoverflow 24 600434 194 0.03 0 6 http 3 9347.032
go 55 1877040 20 0.03 512 6 http 3 2813.946
stackoverflow 24 600434 194 0.03 0 18 http 3 11033.707
go 55 1877040 80 0.03 0 6 http 4 8176.349
stackoverflow 24 600434 194 0 512 6 http 0 5958.897
go 55 1877040 194 0.015 0 18 http 2 12008.544
go 55 1877040 20 0 0 1 http 1 2575.891
stackoverflow 24 600434 20 0 0 1 http 0 2677.368
go 55 1877040 800 0.03 2048 18 http 2 65638.222
stackoverflow 24 600434 800 0.03 512 18 http 0 36294.047
stackoverflow 24 600434 80 0 512 18 http 3 3905.897
go 55 1877040 194 0 512 18 http 3 7548.516
theguardian 228 3147398 800 0 512 1 http 0 213321.938
stackoverflow 24 600434 20 0.03 0 18 http 0 3203.874
theguardian 228 3147398 194 0 0 1 http 3 58428.828
go 55 1877040 20 0.03 2048 6 http 1 3007.212
stackoverflow 24 600434 800 0.015 512 6 http 2 34006.561
stackoverflow 24 600434 20 0 512 1 http 2 2730.468
stackoverflow 24 600434 80 0.015 0 6 http 4 4744.905
stackoverflow 24 600434 80 0.015 512 6 http 2 4704.003
go 55 1877040 20 0.015 0 18 http 0 2901.441
go 55 1877040 194 0.03 2048 18 http 4 14980.194
theguardian 228 3147398 194 0.015 0 6 http 2 24212.571
stackoverflow 24 600434 194 0 2048 6 http 0 5380.867
stackoverflow 24 600434 80 0.03 0 1 http 4 9957.462
go 55 1877040 80 0.03 512 18 http 4 8195.406
theguardian 228 3147398 800 0 512 6 http 0 55667.659
theguardian 228 3147398 80 0.015 0 18 http 2 11461.39
stackoverflow 24 600434 80 0.015 0 6 http 2 5325.165
go 55 1877040 20 0.03 512 6 http 2 2811.68
stackoverflow 24 600434 194 0 0 6 http 0 5975.256
go 55 1877040 20 0.015 0 1 http 0 5645.928
go 55 1877040 800 0.015 512 6 http 3 55223.279
stackoverflow 24 600434 800 0.015 0 1 http 2 53584.502
theguardian 228 3147398 194 0.03 2048 6 http 4 32537.758
theguardian 228 3147398 20 0.03 2048 18 http 0 8863.95
go 55 1877040 20 0 2048 18 http 4 2518.362
theguardian 228 3147398 800 0.015 512 1 http 1 390319.755
stackoverflow 24 600434 800 0.03 2048 6 http 3 32033.182
go 55 1877040 194 0.03 512 1 http 4 60483.551
go 55 1877040 80 0 512 18 http 0 3870.152
stackoverflow 24 600434 800 0.03 2048 1 http 0 78224.2
theguardian 228 3147398 80 0.03 0 18 http 4 13362.519
stackoverflow 24 600434 80 0.03 512 18 http 4 6776.987
theguardian 228 3147398 194 0 2048 1 http 1 62709.871
go 55 1877040 194 0 2048 6 http 1 8332.819
go 55 1877040 20 0.015 512 6 http 3 3520.502
theguardian 228 3147398 800 0.015 0 1 http 3 377182.795
go 55 1877040 20 0.015 512 6 http 0 2654.759
stackoverflow 24 600434 80 0.015 0 6 http 3 5743.519
theguardian 228 3147398 800 0.03 2048 6 http 2 122745.005
go 55 1877040 20 0 2048 18 http 0 2345.189
stackoverflow 24 600434 80 0.015 2048 18 http 0 4385.474
go 55 1877040 194 0.03 0 1 http 1 66015.431
go 55 1877040 194 0.03 0 1 http 4 60522.845
stackoverflow 24 600434 80 0 0 1 http 1 3904.937
go 55 1877040 194 0.015 512 18 http 3 12235.134
theguardian 228 3147398 194 0.015 2048 18 http 1 16727.745
stackoverflow 24 600434 194 0 512 6 http 3 6000.294
go 55 1877040 800 0.03 512 1 http 3 234327.655
stackoverflow 24 600434 20 0 512 6 http 0 2828.936
stackoverflow 24 600434 20 0.03 0 18 http 4 4239.573
theguardian 228 3147398 80 0.03 512 18 http 3 13155.441
stackoverflow 24 600434 80 0.015 512 6 http 4 5354.574
theguardian 228 3147398 194 0.015 2048 6 http 0 22400.916
go 55 1877040 80 0.03 512 6 http 4 8099.271
go 55 1877040 20 0.015 2048 6 http 0 2627.941
theguardian 228 3147398 80 0 2048 6 http 2 9533.521
stackoverflow 24 600434 800 0.03 0 18 http 1 32477.824
stackoverflow 24 600434 194 0.015 2048 6 http 1 6543.168
go 55 1877040 194 0.015 512 6 http 4 13481.398
theguardian 228 3147398 20 0 512 18 http 1 7603.574
go 55 1877040 194 0.03 512 18 http 1 17141.282
theguardian 228 3147398 20 0.03 2048 18 http 4 9050.365
stackoverflow 24 600434 80 0.015 512 6 http 1 4468.156
go 55 1877040 194 0 0 6 http 4 9450.761
stackoverflow 24 600434 800 0.015 0 6 http 3 27229.128
go 55 1877040 194 0.03 512 18 http 0 17047.243
theguardian 228 3147398 800 0.03 0 1 http 2 498951.672
theguardian 228 3147398 80 0 0 1 http 2 22848.141
stackoverflow 24 600434 80 0.015 0 6 http 0 4626.46
go 55 1877040 800 0.015 2048 1 http 3 173076.631
go 55 1877040 194 0 512 18 http 2 7550.516
go 55 1877040 194 0.015 512 18 http 0 12590.071
theguardian 228 3147398 800 0.03 2048 6 http 1 110856.416
go 55 1877040 800 0 512 1 http 1 90097.817
theguardian 228 3147398 194 0.03 512 6 http 4 34875.018
stackoverflow 24 600434 194 0 512 6 http 1 5967.587
stackoverflow 24 600434 80 0.03 0 18 http 0 4225.438
theguardian 228 3147398 20 0 0 1 http 3 9718.395
go 55 1877040 80 0 0 1 http 0 9717.139
theguardian 228 3147398 80 0.03 512 1 http 3 60364.928
theguardian 228 3147398 800 0.015 0 6 http 3 91631.264
theguardian 228 3147398 80 0.015 0 6 http 1 13503.797
go 55 1877040 80 0.03 0 18 http 1 9359.731
theguardian 228 3147398 194 0.03 2048 6 http 1 30466.039
theguardian 228 3147398 80 0.03 0 6 http 0 13154.068
stackoverflow 24 600434 80 0.015 512 1 http 1 8390.96
stackoverflow 24 600434 800 0.03 0 18 http 4 36473.274
theguardian 228 3147398 80 0 512 1 http 2 23261.643
stackoverflow 24 600434 800 0.015 512 1 http 0 65970.026
theguardian 228 3147398 80 0.03 2048 1 http 4 57761.761
stackoverflow 24 600434 80 0.03 2048 6 http 1 5580.659
theguardian 228 3147398 80 0.03 0 6 http 2 16642.666
stackoverflow 24 600434 194 0.03 2048 18 http 0 10679.333
go 55 1877040 194 0.03 2048 18 http 2 16043.276
stackoverflow 24 600434 20 0 512 1 http 1 2819.787
go 55 1877040 194 0.015 0 18 http 0 9292.294
theguardian 228 3147398 194 0.03 2048 18 http 1 22991.455
go 55 1877040 20 0 0 6 http 4 2376.527
stackoverflow 24 600434 80 0 0 1 http 3 3987.933
theguardian 228 3147398 20 0.015 0 18 http 0 7709.534
theguardian 228 3147398 194 0.015 2048 1 http 1 83280.252
go 55 1877040 80 0.015 0 6 http 4 6231.346
theguardian 228 3147398 194 0.015 512 1 http 2 107539.408
theguardian 228 3147398 20 0 512 6 http 0 7593.353
theguardian 228 3147398 20 0.03 0 1 http 1 22492.545
theguardian 228 3147398 800 0.015 512 1 http 4 367731.967
go 55 1877040 80 0 0 1 http 1 10233.146
go 55 1877040 800 0.015 2048 1 http 1 173935.978
stackoverflow 24 600434 194 0 512 1 http 0 8279.342
go 55 1877040 800 0 512 6 http 3 33090.207
stackoverflow 24 600434 80 0.015 0 18 http 3 4544.552
go 55 1877040 80 0 0 18 http 0 3863.319
theguardian 228 3147398 194 0 2048 18 http 4 12170.184
go 55 1877040 20 0.03 512 18 http 1 2677.46
stackoverflow 24 600434 20 0.015 0 6 http 0 3123.876
stackoverflow 24 600434 800 0.015 512 6 http 1 27285.111
go 55 1877040 20 0.015 512 1 http 3 4763.56
go 55 1877040 80 0.015 2048 1 http 2 16513.351
stackoverflow 24 600434 194 0.015 2048 18 http 3 8922.63
stackoverflow 24 600434 800 0 512 18 http 4 20028.743
stackoverflow 24 600434 20 0 0 6 http 3 2823.898
stackoverflow 24 600434 20 0 512 1 http 4 2730.132
go 55 1877040 20 0.03 2048 6 http 0 2845.527
theguardian 228 3147398 800 0.03 512 18 http 1 77326.048
theguardian 228 3147398 800 0 2048 18 http 3 38206.395
theguardian 228 3147398 20 0.015 2048 18 http 0 8203.089
theguardian 228 3147398 194 0.015 512 1 http 0 100986.607
theguardian 228 3147398 80 0.015 0 18 http 4 11678.856
stackoverflow 24 600434 800 0.015 2048 1 http 2 51267.687
stackoverflow 24 600434 194 0.015 2048 18 http 2 6427.019
go 55 1877040 20 0 512 6 http 4 2318.165
theguardian 228 3147398 80 0.03 2048 6 http 3 16821.598
theguardian 228 3147398 194 0.015 0 18 http 3 18248.818
go 55 1877040 800 0.03 2048 6 http 3 79264.001
go 55 1877040 800 0.03 0 6 http 2 74938.869
go 55 1877040 20 0.015 0 6 http 3 3452.128
theguardian 228 3147398 80 0.03 512 18 http 2 12085.473
go 55 1877040 80 0 512 6 http 1 3943.731
theguardian 228 3147398 80 0 2048 1 http 3 21951.014
stackoverflow 24 600434 800 0 0 6 http 4 19230.759
stackoverflow 24 600434 800 0.03 512 1 http 1 92519.043
go 55 1877040 194 0 2048 6 http 0 6973.153
stackoverflow 24 600434 80 0 0 1 http 4 3906.862
go 55 1877040 80 0.03 2048 6 http 2 8520.445
stackoverflow 24 600434 80 0.015 0 1 http 3 5868.983
stackoverflow 24 600434 194 0.015 0 6 http 2 7121.307
stackoverflow 24 600434 194 0.015 0 6 http 3 8659.127
go 55 1877040 20 0.015 2048 6 http 1 2554.655
stackoverflow 24 600434 800 0.015 0 6 http 4 24325.642
stackoverflow 24 600434 194 0.03 512 1 http 0 24684.358
stackoverflow 24 600434 194 0 2048 6 http 4 5961.455
go 55 1877040 20 0 2048 1 http 2 2585.475
theguardian 228 3147398 800 0.015 2048 6 http 1 100056.167
stackoverflow 24 600434 20 0.015 512 1 http 4 3617.574
stackoverflow 24 600434 20 0 2048 1 http 4 2661.242
stackoverflow 24 600434 20 0.03 2048 1 http 4 3282.519
theguardian 228 3147398 20 0 2048 6 http 4 7591.739
go 55 1877040 20 0.015 2048 18 http 4 2520.583
theguardian 228 3147398 194 0 2048 6 http 3 13884.426
theguardian 228 3147398 800 0 512 6 http 2 53835.458
go 55 1877040 194 0.015 512 6 http 1 14885.962
stackoverflow 24 600434 194 0 0 18 http 0 5381.539
theguardian 228 3147398 800 0.015 2048 18 http 0 57018.079
theguardian 228 3147398 80 0.015 2048 6 http 2 11559.838
stackoverflow 24 600434 20 0.03 2048 1 http 2 4456.442
theguardian 228 3147398 800 0 0 1 http 1 213168.955
theguardian 228 3147398 194 0.015 0 1 http 0 94381.364
go 55 1877040 80 0.015 0 1 http 4 21113.125
go 55 1877040 80 0.015 2048 6 http 1 6365.039
stackoverflow 24 600434 194 0.03 512 6 http 2 11138.49
stackoverflow 24 600434 800 0 512 1 http 4 34470.57
go 55 1877040 20 0.015 512 1 http 1 7963.405
stackoverflow 24 600434 800 0.03 0 18 http 3 41316.699
theguardian 228 3147398 20 0.03 2048 6 http 0 8477.625
go 55 1877040 80 0 512 1 http 3 9801.221
stackoverflow 24 600434 194 0.015 0 6 http 4 7704.345
stackoverflow 24 600434 194 0.03 0 6 http 2 13735.095
stackoverflow 24 600434 80 0.015 512 1 http 3 6685.59
theguardian 228 3147398 194 0 0 6 http 0 13369.032
theguardian 228 3147398 80 0.03 0 6 http 3 15589.978
stackoverflow 24 600434 800 0 512 18 http 1 20029.35
stackoverflow 24 600434 20 0.03 0 18 http 1 3790.528
go 55 1877040 800 0.03 512 6 http 4 83566.801
go 55 1877040 80 0.015 2048 6 http 0 6770.876
go 55 1877040 800 0.03 0 1 http 0 258423.913
go 55 1877040 80 0.015 512 18 http 0 5429.503
stackoverflow 24 600434 20 0.03 2048 6 http 0 3283.059
theguardian 228 3147398 20 0 2048 18 http 0 7604.337
stackoverflow 24 600434 80 0.03 0 18 http 1 6344.849
theguardian 228 3147398 80 0 2048 18 http 0 8984.831
theguardian 228 3147398 80 0 512 6 http 1 9807.168
go 55 1877040 20 0 0 18 http 2 2342.38
go 55 1877040 20 0.015 2048 18 http 3 2845.833
go 55 1877040 20 0 2048 6 http 4 2311.455
theguardian 228 3147398 20 0.015 512 1 http 2 15703.874
go 55 1877040 80 0.015 512 18 http 3 4916.322
go 55 1877040 20 0 512 18 http 0 2343.807
go 55 1877040 800 0 2048 18 http 0 34273.061
go 55 1877040 194 0.015 512 18 http 4 11476.923
stackoverflow 24 600434 80 0 2048 6 http 2 3909.868
go 55 1877040 194 0 0 18 http 4 7548.551
go 55 1877040 20 0.015 2048 1 http 1 5847.979
theguardian 228 3147398 80 0.015 2048 6 http 4 12508.257
stackoverflow 24 600434 800 0.015 2048 1 http 1 54423.747
go 55 1877040 800 0.03 0 18 http 3 57651.664
stackoverflow 24 600434 20 0.03 0 1 http 0 3741.173
theguardian 228 3147398 800 0.015 0 1 http 0 390133.798
stackoverflow 24 600434 800 0 512 1 http 0 35637.388
go 55 1877040 194 0.03 2048 1 http 3 51364.886
stackoverflow 24 600434 194 0.03 512 18 http 3 11196.32
stackoverflow 24 600434 20 0.03 2048 6 http 3 8331.956
stackoverflow 24 600434 194 0.03 2048 1 http 1 20575.33
go 55 1877040 20 0 0 1 http 4 2540.064
go 55 1877040 80 0.03 2048 18 http 2 6485.525
go 55 1877040 194 0.03 512 6 http 3 18075.834
stackoverflow 24 600434 80 0.03 2048 1 http 2 7557.809
go 55 1877040 194 0.015 2048 1 http 1 40966.505
go 55 1877040 20 0.015 2048 1 http 4 5937.08
go 55 1877040 80 0.03 0 6 http 1 10889.598
stackoverflow 24 600434 800 0.015 2048 6 http 2 26184.574
theguardian 228 3147398 20 0.015 0 6 http 0 8213.482
theguardian 228 3147398 800 0.015 0 6 http 4 88913
stackoverflow 24 600434 80 0.015 0 18 http 2 4563.097
stackoverflow 24 600434 20 0.03 512 18 http 1 3409.231
theguardian 228 3147398 194 0.03 512 6 http 3 31528.456
stackoverflow 24 600434 194 0.015 2048 6 http 3 7324.878
stackoverflow 24 600434 20 0.015 512 1 http 2 3012.478
theguardian 228 3147398 20 0.03 512 1 http 0 25596.835
stackoverflow 24 600434 800 0.03 0 6 http 2 36027.552
theguardian 228 3147398 20 0 2048 6 http 3 7672.874
stackoverflow 24 600434 800 0.015 512 18 http 3 25851.482
theguardian 228 3147398 80 0.03 2048 18 http 1 11382.471
theguardian 228 3147398 194 0 512 1 http 1 50574.807
theguardian 228 3147398 194 0.03 512 1 http 3 134228.548
stackoverflow 24 600434 80 0.015 2048 6 http 3 4705.507
theguardian 228 3147398 20 0.03 512 6 http 2 9403.152
stackoverflow 24 600434 20 0 0 18 http 0 2844.304
stackoverflow 24 600434 800 0.015 0 18 http 2 37821.564
stackoverflow 24 600434 194 0 0 1 http 1 9026.44
go 55 1877040 20 0 0 1 http 0 2804.696
go 55 1877040 80 0.03 2048 1 http 3 25994.297
go 55 1877040 20 0.015 0 18 http 3 2499.31
theguardian 228 3147398 800 0.03 0 18 http 4 78966.637
theguardian 228 3147398 800 0.03 2048 18 http 0 65553.727
theguardian 228 3147398 800 0.015 512 1 http 0 420251.82
go 55 1877040 800 0.03 0 6 http 0 67571.279
stackoverflow 24 600434 800 0.03 512 1 http 4 87505.547
theguardian 228 3147398 194 0.015 0 18 http 2 20829.07
go 55 1877040 80 0 0 6 http 0 4042.159
theguardian 228 3147398 20 0 0 18 http 0 7602.618
stackoverflow 24 600434 800 0.03 0 18 http 0 37258.093
go 55 1877040 800 0.03 0 18 http 2 62111.857
theguardian 228 3147398 194 0.015 0 1 http 3 108772.86
stackoverflow 24 600434 800 0.03 0 1 http 2 82146.36
theguardian 228 3147398 194 0.015 2048 6 http 2 25928.609
go 55 1877040 194 0.03 512 18 http 2 18251.845
theguardian 228 3147398 800 0.015 2048 1 http 1 402055.83
stackoverflow 24 600434 800 0 2048 6 http 0 20026.828
go 55 1877040 194 0.015 2048 6 http 3 12821.168
go 55 1877040 20 0 512 6 http 0 2374.104
stackoverflow 24 600434 80 0 512 18 http 4 4146.185
theguardian 228 3147398 80 0 0 6 http 2 10109.614
go 55 1877040 800 0.03 512 6 http 0 77409.706
go 55 1877040 194 0 512 1 http 3 22703.01
stackoverflow 24 600434 194 0.015 512 18 http 4 7318.389
theguardian 228 3147398 194 0.015 512 6 http 2 23627.396
theguardian 228 3147398 800 0.015 512 1 http 3 356806.31
go 55 1877040 80 0 2048 6 http 1 3949.142
theguardian 228 3147398 80 0 512 6 http 0 9538.686
theguardian 228 3147398 800 0.03 2048 18 http 2 100890.594
theguardian 228 3147398 20 0.03 512 6 http 1 9009.111
theguardian 228 3147398 20 0.015 0 1 http 2 12570.467
theguardian 228 3147398 20 0.03 512 1 http 3 19080.795
go 55 1877040 80 0 512 18 http 1 3863.861
stackoverflow 24 600434 194 0 2048 18 http 0 5960.328
go 55 1877040 20 0 512 1 http 1 2518.56
go 55 1877040 194 0 512 6 http 2 7944.711
theguardian 228 3147398 800 0.03 2048 1 http 4 540049.2
theguardian 228 3147398 80 0.03 0 18 http 1 11927.047
stackoverflow 24 600434 80 0 512 1 http 3 3748.068
go 55 1877040 80 0.03 512 6 http 0 8324.744
theguardian 228 3147398 20 0.015 512 1 http 0 16627.546
theguardian 228 3147398 194 0 512 18 http 1 12140.976
theguardian 228 3147398 80 0.015 2048 18 http 2 10305.372
theguardian 228 3147398 20 0.015 2048 6 http 2 9154.991
go 55 1877040 80 0.03 512 18 http 2 6569.77
go 55 1877040 800 0.015 0 6 http 0 52341.451
stackoverflow 24 600434 194 0.015 0 1 http 4 13250.98
stackoverflow 24 600434 800 0.03 2048 6 http 4 41468.35
stackoverflow 24 600434 800 0 0 1 http 2 36044.114
theguardian 228 3147398 80 0.015 2048 1 http 0 48716.923
theguardian 228 3147398 80 0.03 512 18 http 1 14159.947
theguardian 228 3147398 800 0 512 18 http 2 38559.563
theguardian 228 3147398 80 0.015 0 6 http 3 12640.877
go 55 1877040 800 0.03 512 18 http 2 64404.511
go 55 1877040 800 0.03 512 1 http 0 232884.862
theguardian 228 3147398 800 0.03 512 18 http 0 79743.762
theguardian 228 3147398 800 0.03 512 1 http 0 501099.54
theguardian 228 3147398 194 0.015 2048 18 http 0 18120.036
go 55 1877040 800 0.03 512 1 http 1 221631.053
theguardian 228 3147398 194 0.03 2048 18 http 4 24469.072
go 55 1877040 80 0.015 2048 1 http 4 20816.662
go 55 1877040 80 0 0 1 http 4 9769.126
theguardian 228 3147398 800 0.015 512 18 http 4 46478.086
theguardian 228 3147398 800 0.03 2048 18 http 1 78424.191
theguardian 228 3147398 194 0.03 512 6 http 2 30825.822
stackoverflow 24 600434 800 0.03 0 1 http 1 90590.767
go 55 1877040 80 0.03 0 18 http 3 7530.625
stackoverflow 24 600434 80 0.015 512 18 http 2 5183.259
go 55 1877040 80 0.015 2048 1 http 1 20195.422
stackoverflow 24 600434 800 0.015 0 18 http 4 29435.725
stackoverflow 24 600434 194 0.03 0 1 http 0 18023.138
theguardian 228 3147398 80 0.03 512 6 http 3 14628.356
theguardian 228 3147398 800 0.015 0 1 http 2 370739.176
go 55 1877040 800 0 2048 6 http 2 35599.497
go 55 1877040 194 0 0 6 http 2 8321.772
go 55 1877040 194 0 0 18 http 1 7547.546
stackoverflow 24 600434 80 0 0 18 http 3 3905.036
go 55 1877040 20 0 2048 1 http 3 8155.459
theguardian 228 3147398 80 0.015 0 6 http 0 12321.549
go 55 1877040 80 0.015 2048 1 http 3 18468.921
stackoverflow 24 600434 80 0 512 6 http 1 3906.323
go 55 1877040 20 0 512 1 http 4 2590.416
stackoverflow 24 600434 800 0.03 0 6 http 3 34426.402
stackoverflow 24 600434 194 0.015 0 1 http 2 11443.789
stackoverflow 24 600434 20 0.03 512 6 http 1 3765.736
go 55 1877040 194 0.03 512 6 http 2 16866.487
go 55 1877040 800 0.03 512 6 http 2 60675.351
stackoverflow 24 600434 20 0.03 2048 18 http 4 3224.802
theguardian 228 3147398 20 0.03 2048 1 http 2 25576.676
theguardian 228 3147398 80 0.015 0 1 http 1 49255.708
theguardian 228 3147398 20 0.03 0 6 http 0 9085.168
go 55 1877040 800 0 0 1 http 3 94177.566
go 55 1877040 194 0.015 2048 6 http 0 13770.975
stackoverflow 24 600434 20 0.015 2048 18 http 1 2984.917
stackoverflow 24 600434 20 0.015 512 6 http 0 3104.947
theguardian 228 3147398 80 0.015 0 6 http 2 10791.271
theguardian 228 3147398 194 0.03 0 6 http 4 34139.31
theguardian 228 3147398 80 0 2048 18 http 1 9155.341
stackoverflow 24 600434 194 0 2048 1 http 0 8567.037
stackoverflow 24 600434 194 0.015 2048 1 http 0 15976.782
stackoverflow 24 600434 20 0.03 2048 6 http 4 3246.865
theguardian 228 3147398 194 0.015 0 6 http 3 21978.851
go 55 1877040 20 0.015 0 6 http 2 2558.556
stackoverflow 24 600434 80 0.015 2048 6 http 4 4761.488
go 55 1877040 800 0.015 0 6 http 3 62704.363
go 55 1877040 20 0.03 0 18 http 4 2901.248
theguardian 228 3147398 20 0.015 512 1 http 1 15642.726
theguardian 228 3147398 194 0.03 0 1 http 0 143843.813
go 55 1877040 80 0.015 512 18 http 2 4595.041
stackoverflow 24 600434 194 0.015 512 6 http 0 7298.613
theguardian 228 3147398 194 0.015 0 18 http 1 16536.42
theguardian 228 3147398 194 0 2048 6 http 4 14803.401
stackoverflow 24 600434 800 0.015 0 1 http 1 74274.715
go 55 1877040 800 0.015 512 18 http 3 47815.6
stackoverflow 24 600434 194 0.03 512 18 http 0 13465.672
theguardian 228 3147398 80 0.015 512 18 http 3 10188.499
go 55 1877040 800 0.015 512 1 http 2 216411.914
theguardian 228 3147398 800 0.03 512 6 http 2 120209.127
go 55 1877040 194 0 2048 1 http 2 21881.366
stackoverflow 24 600434 20 0 512 18 http 2 2888.722
stackoverflow 24 600434 194 0.03 0 18 http 4 10863.108
theguardian 228 3147398 80 0 512 18 http 0 9118.774
go 55 1877040 80 0 512 6 http 0 4121.124
stackoverflow 24 600434 80 0 0 6 http 0 3581.908
go 55 1877040 800 0 2048 1 http 3 93861.729
theguardian 228 3147398 80 0 512 1 http 4 21354.068
go 55 1877040 80 0.03 2048 18 http 0 8042.091
stackoverflow 24 600434 800 0.015 512 6 http 0 31948.509
go 55 1877040 20 0.015 512 18 http 4 2889.513
theguardian 228 3147398 20 0.015 2048 6 http 0 8157.039
theguardian 228 3147398 20 0.03 2048 6 http 4 9068.623
theguardian 228 3147398 194 0.03 2048 18 http 2 25339.429
theguardian 228 3147398 800 0.015 2048 1 http 2 395629.821
theguardian 228 3147398 800 0.03 0 1 http 0 539831.96
stackoverflow 24 600434 194 0 0 1 http 2 8773.952
stackoverflow 24 600434 20 0.015 512 1 http 0 3143.934
theguardian 228 3147398 20 0.03 0 18 http 0 8303.848
stackoverflow 24 600434 20 0.015 0 18 http 0 3474.087
stackoverflow 24 600434 194 0.03 0 18 http 1 9697.134
stackoverflow 24 600434 800 0.015 2048 1 http 0 50470.738
theguardian 228 3147398 80 0 0 6 http 3 9116.368
go 55 1877040 800 0.03 2048 18 http 3 52601.252
stackoverflow 24 600434 800 0 2048 6 http 2 20029.901
go 55 1877040 800 0.03 0 18 http 1 74437.752
stackoverflow 24 600434 800 0.03 512 6 http 3 38023.216
go 55 1877040 80 0 512 6 http 3 4004.465
theguardian 228 3147398 80 0.015 0 18 http 0 10762.177
theguardian 228 3147398 20 0 2048 6 http 1 7601.489
go 55 1877040 800 0.015 0 18 http 4 38686.299
stackoverflow 24 600434 194 0 0 1 http 0 8751.722
go 55 1877040 80 0.03 512 18 http 3 8630.725
theguardian 228 3147398 194 0.03 512 1 http 1 126779.663
go 55 1877040 194 0.03 512 1 http 3 64495.09
stackoverflow 24 600434 800 0.015 512 18 http 0 27225.4
go 55 1877040 800 0.015 2048 1 http 2 190660.285
theguardian 228 3147398 80 0 512 1 http 0 22457.323
theguardian 228 3147398 20 0.03 512 18 http 3 8125.634
stackoverflow 24 600434 20 0.03 0 18 http 2 3385.556
go 55 1877040 800 0.03 0 1 http 3 272332.992
stackoverflow 24 600434 20 0.03 2048 6 http 1 3689.762
stackoverflow 24 600434 80 0.03 0 6 http 4 6587.347
theguardian 228 3147398 20 0.015 512 6 http 2 8237.171
theguardian 228 3147398 20 0.015 0 6 http 3 8487.977
stackoverflow 24 600434 20 0 512 1 http 0 2752.395
theguardian 228 3147398 194 0.03 0 18 http 0 24547.239
theguardian 228 3147398 800 0.015 512 6 http 4 85127.6
theguardian 228 3147398 80 0 2048 6 http 4 10005.363
go 55 1877040 20 0.015 2048 1 http 2 5472.48
go 55 1877040 20 0.015 2048 6 http 3 2910.484
stackoverflow 24 600434 20 0 2048 18 http 4 2885.746
stackoverflow 24 600434 80 0 0 6 http 1 3589.373
theguardian 228 3147398 80 0 512 1 http 1 22546.39
go 55 1877040 194 0.03 2048 18 http 0 17060.182
theguardian 228 3147398 20 0.015 512 18 http 0 7801.791
theguardian 228 3147398 80 0 512 6 http 3 9029.822
go 55 1877040 80 0.03 0 1 http 2 21228.476
go 55 1877040 800 0 512 18 http 3 30211.935
theguardian 228 3147398 800 0 2048 1 http 0 206964.726
stackoverflow 24 600434 194 0 512 18 http 0 5959.145
go 55 1877040 194 0.015 2048 18 http 3 9900.053
stackoverflow 24 600434 800 0.015 2048 1 http 4 55231.451
theguardian 228 3147398 194 0.03 0 1 http 4 137672.602
go 55 1877040 194 0 512 18 http 1 7549.52
theguardian 228 3147398 194 0 0 1 http 1 54906.555
go 55 1877040 800 0 2048 6 http 3 33127.838
stackoverflow 24 600434 800 0.015 2048 6 http 3 21631.681
theguardian 228 3147398 800 0.015 0 1 http 1 424588.321
theguardian 228 3147398 800 0.03 2048 18 http 3 95113.951
stackoverflow 24 600434 800 0.015 2048 6 http 0 31230.538
theguardian 228 3147398 194 0.015 512 18 http 3 15089.172
stackoverflow 24 600434 194 0.015 512 18 http 1 8781.245
go 55 1877040 20 0.015 0 1 http 2 5372.768
go 55 1877040 20 0.03 512 18 http 0 3725.349
stackoverflow 24 600434 20 0 2048 1 http 0 2662.103
theguardian 228 3147398 20 0.015 0 1 http 0 16854.866
go 55 1877040 80 0 2048 18 http 2 3873.022
theguardian 228 3147398 80 0.015 512 18 http 4 11209.85
stackoverflow 24 600434 194 0 2048 6 http 2 5982.353
go 55 1877040 800 0.03 2048 6 http 2 79304.922
go 55 1877040 194 0.015 0 6 http 4 13159.781
go 55 1877040 194 0.03 512 1 http 0 61089.819
go 55 1877040 800 0.03 2048 1 http 3 240358.858
stackoverflow 24 600434 800 0.015 2048 1 http 3 61668.065
go 55 1877040 800 0.015 512 18 http 1 49565.905
theguardian 228 3147398 80 0.03 0 1 http 2 57388.947
go 55 1877040 80 0 512 1 http 0 9738.893
go 55 1877040 80 0.015 2048 18 http 1 6915.762
stackoverflow 24 600434 194 0 0 1 http 3 8823.466
go 55 1877040 800 0.015 512 18 http 0 50336.634
go 55 1877040 194 0.015 512 1 http 1 46067.926
stackoverflow 24 600434 20 0.015 2048 18 http 4 3616.806
go 55 1877040 80 0 0 6 http 1 4055.778
theguardian 228 3147398 20 0.03 2048 1 http 3 18724.738
theguardian 228 3147398 800 0 512 1 http 1 221458.57
theguardian 228 3147398 194 0.03 512 18 http 2 22118.913
theguardian 228 3147398 80 0.015 512 1 http 1 43508.58
stackoverflow 24 600434 800 0 2048 1 http 2 32868.579
stackoverflow 24 600434 800 0 2048 6 http 4 20792.376
theguardian 228 3147398 80 0.03 2048 1 http 3 59512.825
go 55 1877040 20 0 512 1 http 3 2579.77
stackoverflow 24 600434 80 0 0 18 http 1 3904.059
theguardian 228 3147398 80 0.03 2048 1 http 0 58731.727
go 55 1877040 800 0 512 18 http 1 33468.354
theguardian 228 3147398 80 0.03 0 1 http 1 63258.02
stackoverflow 24 600434 194 0.015 0 18 http 4 6790.197
go 55 1877040 80 0 512 1 http 1 9633.227
stackoverflow 24 600434 800 0.03 2048 18 http 1 38694.709
stackoverflow 24 600434 194 0.015 2048 1 http 2 19555.385
stackoverflow 24 600434 800 0 2048 18 http 0 21627.347
go 55 1877040 194 0 2048 18 http 2 7553.884
theguardian 228 3147398 20 0.03 0 6 http 1 9706.49
theguardian 228 3147398 20 0 0 6 http 0 7551.693
stackoverflow 24 600434 20 0.03 512 6 http 3 2986.059
go 55 1877040 194 0.03 512 6 http 0 16657.564
stackoverflow 24 600434 194 0.03 0 6 http 0 8282.998
theguardian 228 3147398 80 0 0 1 http 3 21976.092
theguardian 228 3147398 20 0.03 512 18 http 2 8939.876
theguardian 228 3147398 80 0.015 0 18 http 1 11119.332
stackoverflow 24 600434 20 0.03 0 1 http 4 3164.248
go 55 1877040 80 0.015 512 6 http 4 6212.46
go 55 1877040 194 0 512 6 http 3 7772.797
stackoverflow 24 600434 20 0 512 18 http 1 2886.442
theguardian 228 3147398 800 0 512 1 http 4 224903.66
theguardian 228 3147398 80 0 512 1 http 3 21323.433
stackoverflow 24 600434 20 0.015 0 1 http 3 3161.736
theguardian 228 3147398 20 0.03 512 6 http 3 9585.053
stackoverflow 24 600434 800 0.015 512 1 http 4 52225.84
stackoverflow 24 600434 194 0.03 2048 6 http 4 8922.735
theguardian 228 3147398 80 0.015 2048 6 http 1 11437.223
theguardian 228 3147398 20 0.03 512 18 http 4 8679.906
theguardian 228 3147398 80 0.015 2048 6 http 0 13174.177
theguardian 228 3147398 194 0.015 512 6 http 0 23328.268
go 55 1877040 194 0 2048 1 http 4 23962.638
stackoverflow 24 600434 20 0.03 0 6 http 3 3869.221
theguardian 228 3147398 80 0.03 0 1 http 3 57362.544
stackoverflow 24 600434 800 0.03 2048 6 http 1 50893.017
theguardian 228 3147398 800 0 512 6 http 4 53917.905
stackoverflow 24 600434 800 0.015 0 1 http 0 64666.583
theguardian 228 3147398 194 0.015 0 6 http 1 19735.467
theguardian 228 3147398 194 0.03 512 6 http 1 26772.551
theguardian 228 3147398 80 0.03 512 6 http 2 15180.346
theguardian 228 3147398 800 0.03 0 6 http 3 96898.932
theguardian 228 3147398 194 0.03 0 6 http 0 30918.891
go 55 1877040 20 0.015 512 6 http 2 2743.564
go 55 1877040 194 0 0 1 http 0 22891.603
stackoverflow 24 600434 20 0 512 1 http 3 2730.154
go 55 1877040 80 0.03 0 6 http 0 8945.581
go 55 1877040 20 0.03 0 1 http 1 7822.398
stackoverflow 24 600434 80 0.03 0 18 http 3 6350.785
theguardian 228 3147398 800 0.03 0 1 http 3 527032.763
go 55 1877040 80 0 2048 6 http 3 4024.415
theguardian 228 3147398 20 0.03 0 1 http 4 20630.688
stackoverflow 24 600434 800 0 2048 1 http 4 32895.075
go 55 1877040 800 0.015 512 1 http 0 173556.046
theguardian 228 3147398 20 0 512 1 http 3 8534.776
stackoverflow 24 600434 194 0.03 2048 18 http 4 13287.383
theguardian 228 3147398 80 0.03 2048 18 http 2 12218.996
go 55 1877040 194 0 512 1 http 0 23515.576
stackoverflow 24 600434 194 0.03 2048 6 http 2 9697.883
go 55 1877040 800 0.03 2048 18 http 1 76027.334
go 55 1877040 20 0.03 2048 1 http 4 6996.517
stackoverflow 24 600434 194 0.015 512 1 http 0 14260.911
go 55 1877040 194 0.015 0 1 http 3 42843.196
theguardian 228 3147398 194 0.03 2048 1 http 0 114174.313
go 55 1877040 800 0 0 1 http 0 93213.678
theguardian 228 3147398 20 0 2048 18 http 3 7602.089
stackoverflow 24 600434 800 0.015 2048 18 http 0 26967.077
theguardian 228 3147398 800 0 2048 6 http 4 55449.169
theguardian 228 3147398 20 0.015 2048 1 http 4 15142.008
go 55 1877040 80 0.015 0 18 http 3 4749.511
go 55 1877040 20 0.03 0 18 http 3 3203.688
go 55 1877040 20 0 512 1 http 2 2604.044
stackoverflow 24 600434 80 0.015 2048 18 http 3 4821.868
stackoverflow 24 600434 194 0.015 0 18 http 1 9642.424
theguardian 228 3147398 80 0 2048 18 http 4 9053.406
stackoverflow 24 600434 194 0.015 2048 6 http 2 9838.965
theguardian 228 3147398 800 0.03 0 6 http 0 121557.539
stackoverflow 24 600434 20 0 2048 1 http 3 2661.032
stackoverflow 24 600434 80 0 0 6 http 3 3903.456
stackoverflow 24 600434 20 0 0 18 http 4 2843.772
theguardian 228 3147398 800 0 512 18 http 4 37419.019
theguardian 228 3147398 20 0.015 2048 18 http 2 8623.029
go 55 1877040 80 0.03 2048 18 http 3 10047.986
theguardian 228 3147398 800 0 2048 6 http 1 52302.519
theguardian 228 3147398 20 0.015 0 18 http 1 8187.574
stackoverflow 24 600434 20 0 512 18 http 4 2886.306
stackoverflow 24 600434 20 0 512 6 http 3 2825.65
go 55 1877040 80 0.03 512 1 http 3 23339.268
stackoverflow 24 600434 80 0.015 512 1 http 0 7993.986
theguardian 228 3147398 20 0.015 2048 1 http 2 13582.062
go 55 1877040 80 0.03 0 1 http 0 27206.193
go 55 1877040 20 0.015 0 18 http 2 2595.969
stackoverflow 24 600434 20 0.03 512 18 http 3 3708.648
go 55 1877040 80 0.015 0 1 http 0 21541.019
theguardian 228 3147398 80 0 2048 6 http 0 9925.877
stackoverflow 24 600434 20 0.015 0 18 http 1 2950.218
theguardian 228 3147398 194 0.03 0 6 http 3 30082.348
stackoverflow 24 600434 800 0.015 0 6 http 0 32828.19
go 55 1877040 80 0.015 512 6 http 0 6112.725
theguardian 228 3147398 20 0.03 512 1 http 1 20315.716
go 55 1877040 80 0.03 512 1 http 2 29088.879
stackoverflow 24 600434 800 0.015 2048 18 http 3 23423.691
theguardian 228 3147398 194 0.015 512 6 http 1 26656.589
theguardian 228 3147398 20 0.03 512 6 http 4 9826.514
stackoverflow 24 600434 80 0.015 0 18 http 1 5265.275
stackoverflow 24 600434 20 0.015 2048 18 http 3 2946.311
go 55 1877040 194 0.03 2048 1 http 1 67779.304
theguardian 228 3147398 20 0 512 18 http 3 7603.609
stackoverflow 24 600434 194 0.015 2048 6 http 0 7955.999
stackoverflow 24 600434 194 0.03 512 6 http 1 10979.995
go 55 1877040 194 0 2048 1 http 0 23076.581
theguardian 228 3147398 800 0 512 1 http 3 212487.432
theguardian 228 3147398 80 0 512 18 http 1 8973.265
go 55 1877040 800 0.03 512 1 http 4 273061.803
theguardian 228 3147398 194 0 512 6 http 0 13059.864
theguardian 228 3147398 194 0.015 512 1 http 3 101663.796
stackoverflow 24 600434 20 0.03 0 1 http 1 4804.608
theguardian 228 3147398 20 0.03 0 18 http 2 7848.142
go 55 1877040 800 0.015 512 1 http 4 175344.029
go 55 1877040 20 0.03 512 6 http 0 3063.948
stackoverflow 24 600434 800 0.03 0 6 http 0 35780.916
stackoverflow 24 600434 80 0 0 18 http 4 3909.112
theguardian 228 3147398 80 0.03 2048 18 http 4 13294.04
theguardian 228 3147398 20 0.015 512 18 http 3 8399.934
go 55 1877040 194 0 2048 6 http 2 8515.966
stackoverflow 24 600434 194 0 0 6 http 1 5958.066
theguardian 228 3147398 800 0.03 2048 1 http 0 537068.332
theguardian 228 3147398 20 0.03 512 18 http 1 8191.784
go 55 1877040 20 0 512 18 http 4 2343.6
go 55 1877040 20 0.03 0 18 http 1 2772.415
stackoverflow 24 600434 80 0 512 6 http 0 3986.376
theguardian 228 3147398 20 0.03 2048 6 http 2 9108.289
theguardian 228 3147398 20 0.03 0 6 http 4 9372.76
stackoverflow 24 600434 80 0 0 1 http 0 3989.309
theguardian 228 3147398 20 0.015 512 18 http 2 8519.249
theguardian 228 3147398 800 0.03 512 1 http 4 481126.548
stackoverflow 24 600434 20 0.03 2048 1 http 3 3863.517
stackoverflow 24 600434 800 0 2048 18 http 2 21630.313
stackoverflow 24 600434 20 0.015 0 1 http 2 3185.648
theguardian 228 3147398 194 0 0 1 http 2 51886.377
stackoverflow 24 600434 800 0 512 18 http 3 20029.754
theguardian 228 3147398 800 0 2048 1 http 2 226678.599
theguardian 228 3147398 800 0 2048 18 http 4 37457.735
go 55 1877040 194 0.015 2048 6 http 4 15185.12
go 55 1877040 194 0.03 0 18 http 2 21328.291
theguardian 228 3147398 800 0.015 512 18 http 0 62080.004
go 55 1877040 800 0 2048 18 http 1 32700.157
go 55 1877040 800 0 0 18 http 1 33416.483
go 55 1877040 194 0.03 2048 1 http 0 56164.008
theguardian 228 3147398 194 0.03 0 1 http 3 128853.265
go 55 1877040 194 0.03 512 18 http 4 16357.893
stackoverflow 24 600434 194 0 0 6 http 3 5962.177
theguardian 228 3147398 80 0 2048 1 http 2 22584.545
theguardian 228 3147398 20 0.015 0 18 http 3 8262.356
go 55 1877040 80 0.03 512 6 http 3 8781.555
theguardian 228 3147398 80 0 0 18 http 1 8705.748
stackoverflow 24 600434 80 0.015 512 1 http 2 6025.746
theguardian 228 3147398 194 0.03 512 18 http 0 22656.179
go 55 1877040 194 0.015 512 18 http 2 10269.431
stackoverflow 24 600434 194 0.03 512 1 http 3 22532.399
stackoverflow 24 600434 194 0 2048 18 http 3 5966.834
go 55 1877040 800 0 0 18 http 3 30214.974
stackoverflow 24 600434 194 0.03 512 18 http 4 11884.722
theguardian 228 3147398 80 0 0 18 http 0 8706.889
stackoverflow 24 600434 194 0.015 2048 1 http 4 14620.076
theguardian 228 3147398 20 0 512 6 http 1 7581.524
go 55 1877040 800 0.03 512 1 http 2 244084.756
theguardian 228 3147398 800 0 0 6 http 1 51696.383
theguardian 228 3147398 20 0.015 2048 6 http 1 8657.518
stackoverflow 24 600434 80 0 512 6 http 3 3909.459
stackoverflow 24 600434 80 0 2048 6 http 1 3907.765
theguardian 228 3147398 194 0 2048 1 http 0 50941.028
stackoverflow 24 600434 80 0.015 0 1 http 2 7294.585
theguardian 228 3147398 194 0.015 512 18 http 1 15843.567
go 55 1877040 800 0.015 2048 1 http 4 191248.366
stackoverflow 24 600434 194 0 0 18 http 3 5958.461
stackoverflow 24 600434 80 0.015 2048 18 http 1 4228.292
stackoverflow 24 600434 194 0 0 18 http 2 5957.838
go 55 1877040 194 0.015 512 1 http 2 43058.029
go 55 1877040 80 0.03 2048 1 http 2 23992.222
go 55 1877040 80 0.03 2048 1 http 4 28926.084
stackoverflow 24 600434 194 0 2048 6 http 3 5960.195
theguardian 228 3147398 80 0.03 0 18 http 0 11511.306
go 55 1877040 20 0.015 0 1 http 4 6025.328
go 55 1877040 194 0 0 1 http 1 22890.763
stackoverflow 24 600434 800 0 512 1 http 2 35616.964
theguardian 228 3147398 194 0 2048 6 http 0 13979.719
go 55 1877040 194 0.015 0 18 http 1 11723.129
theguardian 228 3147398 80 0.03 512 6 http 4 15696.119
go 55 1877040 20 0.03 0 18 http 0 2881.148
go 55 1877040 800 0.03 0 1 http 2 213968.431
go 55 1877040 800 0.015 512 6 http 1 56629.929
stackoverflow 24 600434 80 0.015 512 6 http 3 4788.035
theguardian 228 3147398 800 0.015 2048 6 http 0 90529.723
stackoverflow 24 600434 194 0.03 512 18 http 2 7702.177
theguardian 228 3147398 194 0 0 6 http 1 13308.629
stackoverflow 24 600434 80 0.015 0 18 http 4 5120.305
theguardian 228 3147398 194 0 512 18 http 2 12175.941
stackoverflow 24 600434 194 0.03 0 1 http 2 20702.472
go 55 1877040 800 0 2048 6 http 4 32392.735
stackoverflow 24 600434 194 0.015 512 6 http 3 8781.368
go 55 1877040 194 0 2048 18 http 3 7552.184
theguardian 228 3147398 800 0.03 0 18 http 0 73812.981
stackoverflow 24 600434 80 0 2048 6 http 4 3906.48
go 55 1877040 194 0.03 2048 6 http 3 17505.038
go 55 1877040 20 0.015 512 18 http 2 2618.535
stackoverflow 24 600434 80 0.015 2048 18 http 2 4305.948
theguardian 228 3147398 80 0.015 0 6 http 4 13479.902
go 55 1877040 194 0.03 0 1 http 2 56450.555
stackoverflow 24 600434 800 0.03 2048 18 http 0 30081.286
theguardian 228 3147398 800 0 2048 1 http 4 260499.244
theguardian 228 3147398 800 0 2048 6 http 2 54083.421
theguardian 228 3147398 800 0 512 6 http 1 54626.098
stackoverflow 24 600434 194 0 0 18 http 1 5958.307
stackoverflow 24 600434 20 0.03 0 6 http 1 3224.352
go 55 1877040 800 0.015 512 1 http 3 150896.709
go 55 1877040 20 0 0 6 http 3 2319.946
go 55 1877040 20 0.015 0 6 http 1 2841.709
go 55 1877040 800 0.015 2048 18 http 3 45561.323
go 55 1877040 800 0.015 2048 6 http 1 73502.498
theguardian 228 3147398 20 0.015 0 18 http 2 7748.197
stackoverflow 24 600434 194 0.03 2048 1 http 4 16342.476
theguardian 228 3147398 194 0.015 0 1 http 1 103756.064
stackoverflow 24 600434 194 0.015 512 1 http 1 12942.55
theguardian 228 3147398 194 0 0 18 http 2 12332.857
theguardian 228 3147398 20 0.03 512 1 http 4 22825.724
stackoverflow 24 600434 800 0.03 512 1 http 2 73290.098
go 55 1877040 20 0.015 512 18 http 0 3383.266
go 55 1877040 20 0.03 2048 6 http 3 4356.269
stackoverflow 24 600434 80 0 512 1 http 1 3748.414
stackoverflow 24 600434 800 0.015 512 1 http 1 58565.307
go 55 1877040 80 0.03 512 1 http 4 24346.813
theguardian 228 3147398 800 0 0 18 http 3 38574.888
go 55 1877040 20 0.015 0 6 http 0 2753.62
stackoverflow 24 600434 800 0 2048 18 http 1 21627.767
stackoverflow 24 600434 194 0.015 0 1 http 3 11398.161
go 55 1877040 80 0.015 2048 18 http 2 4515.624
stackoverflow 24 600434 194 0.015 2048 1 http 1 16022.215
stackoverflow 24 600434 80 0.03 0 6 http 2 5104.534
go 55 1877040 80 0.03 512 1 http 1 29725.875
stackoverflow 24 600434 194 0.03 2048 1 http 2 20787.725
go 55 1877040 194 0 0 6 http 0 7759.181
theguardian 228 3147398 80 0 2048 18 http 2 9139.941
theguardian 228 3147398 80 0.015 512 6 http 4 12730.861
stackoverflow 24 600434 194 0 512 1 http 4 8166.344
theguardian 228 3147398 80 0.03 2048 6 http 1 14615.388
stackoverflow 24 600434 20 0.015 0 1 http 0 3283.899
theguardian 228 3147398 20 0 2048 1 http 2 9100.864
