stackoverflow 24 600434 194 0.015 512 1 http 1 12942.55
stackoverflow 24 600434 800 0.03 512 6 http 4 36026.692
theguardian 228 3147398 20 0 0 18 http 2 7602.461
stackoverflow 24 600434 80 0.015 2048 6 http 4 4761.488
stackoverflow 24 600434 20 0.03 2048 18 http 1 3634.445
stackoverflow 24 600434 80 0 512 18 http 4 4146.185
theguardian 228 3147398 800 0.015 0 1 http 3 377182.795
stackoverflow 24 600434 194 0.03 2048 6 http 3 12770.088
stackoverflow 24 600434 80 0 0 18 http 4 3909.112
stackoverflow 24 600434 800 0.03 512 1 http 4 87505.547
theguardian 228 3147398 80 0.03 0 18 http 3 12085.636
theguardian 228 3147398 80 0.03 2048 18 http 2 12218.996
stackoverflow 24 600434 80 0.03 0 18 http 3 6350.785
theguardian 228 3147398 800 0.015 512 18 http 4 46478.086
stackoverflow 24 600434 80 0 2048 18 http 2 4146.4
theguardian 228 3147398 20 0.015 2048 18 http 0 8203.089
stackoverflow 24 600434 80 0.03 0 1 http 4 9957.462
stackoverflow 24 600434 20 0.03 0 6 http 3 3869.221
stackoverflow 24 600434 20 0.03 2048 1 http 3 3863.517
stackoverflow 24 600434 80 0.015 0 18 http 2 4563.097
theguardian 228 3147398 194 0.015 512 6 http 1 26656.589
stackoverflow 24 600434 20 0.03 2048 6 http 0 3283.059
stackoverflow 24 600434 194 0.03 2048 6 http 1 9757.863
stackoverflow 24 600434 194 0 2048 18 http 2 5957.837
stackoverflow 24 600434 194 0 2048 1 http 2 8169.351
theguardian 228 3147398 20 0.03 512 1 http 4 22825.724
stackoverflow 24 600434 80 0.015 2048 18 http 1 4228.292
theguardian 228 3147398 20 0.03 0 6 http 2 9311.304
stackoverflow 24 600434 800 0 0 1 http 3 36945.54
stackoverflow 24 600434 20 0.015 2048 18 http 1 2984.917
theguardian 228 3147398 800 0 2048 18 http 2 40006.119
stackoverflow 24 600434 20 0.015 2048 6 http 0 2907.193
stackoverflow 24 600434 80 0.015 512 1 http 4 7169.833
stackoverflow 24 600434 20 0 512 18 http 3 2886.105
theguardian 228 3147398 20 0.015 0 1 http 2 12570.467
theguardian 228 3147398 80 0.015 2048 1 http 2 42395.392
stackoverflow 24 600434 194 0.03 2048 6 http 0 9944.185
stackoverflow 24 600434 800 0 0 18 http 3 20031.446
theguardian 228 3147398 194 0.015 2048 1 http 2 106331.908
theguardian 228 3147398 194 0 2048 18 http 1 12110.518
stackoverflow 24 600434 800 0.03 0 1 http 3 84616.538
stackoverflow 24 600434 20 0.03 0 1 http 2 4503.064
theguardian 228 3147398 194 0.03 0 6 http 4 34139.31
stackoverflow 24 600434 800 0.015 512 18 http 2 37060.676
stackoverflow 24 600434 80 0 0 18 http 2 3905.195
theguardian 228 3147398 80 0 0 18 http 3 9017.277
theguardian 228 3147398 800 0.015 0 18 http 2 43762.407
theguardian 228 3147398 194 0.03 512 18 http 0 22656.179
stackoverflow 24 600434 800 0 2048 6 http 4 20792.376
theguardian 228 3147398 80 0.015 512 6 http 3 11543.172
theguardian 228 3147398 800 0.03 0 6 http 3 96898.932
stackoverflow 24 600434 20 0.03 2048 18 http 2 3477.649
stackoverflow 24 600434 800 0 512 18 http 0 20029.192
theguardian 228 3147398 20 0 512 18 http 2 7605.833
theguardian 228 3147398 20 0.015 2048 18 http 2 8623.029
stackoverflow 24 600434 194 0.015 512 1 http 2 15720.923
stackoverflow 24 600434 194 0.015 512 1 http 4 14278.957
theguardian 228 3147398 80 0 0 6 http 2 10109.614
stackoverflow 24 600434 800 0 2048 6 http 1 20028.431
stackoverflow 24 600434 800 0.03 0 1 http 2 82146.36
theguardian 228 3147398 80 0.015 0 1 http 0 40241.464
theguardian 228 3147398 194 0.015 2048 1 http 3 100573.019
theguardian 228 3147398 80 0.015 512 1 http 4 44364.87
theguardian 228 3147398 20 0.015 512 18 http 4 7843.358
stackoverflow 24 600434 20 0.03 512 6 http 3 2986.059
theguardian 228 3147398 20 0.03 512 18 http 3 8125.634
theguardian 228 3147398 800 0 0 18 http 1 36751.074
stackoverflow 24 600434 80 0.03 2048 6 http 1 5580.659
stackoverflow 24 600434 80 0 2048 18 http 1 4153.111
stackoverflow 24 600434 20 0.015 0 1 http 4 3444.311
theguardian 228 3147398 800 0.03 2048 18 http 0 65553.727
theguardian 228 3147398 800 0.03 0 18 http 3 69516.81
theguardian 228 3147398 194 0.03 0 6 http 0 30918.891
theguardian 228 3147398 800 0 2048 1 http 1 230711.446
theguardian 228 3147398 800 0 512 18 http 0 36772.582
theguardian 228 3147398 800 0.015 512 1 http 3 356806.31
stackoverflow 24 600434 80 0.015 512 6 http 4 5354.574
stackoverflow 24 600434 800 0.03 512 6 http 1 36540.608
stackoverflow 24 600434 194 0.015 2048 18 http 4 9740.452
theguardian 228 3147398 194 0.03 2048 6 http 2 32607.643
theguardian 228 3147398 80 0.015 2048 1 http 0 48716.923
stackoverflow 24 600434 80 0 0 1 http 2 3987.071
stackoverflow 24 600434 20 0 0 18 http 1 2824.133
theguardian 228 3147398 194 0.03 512 6 http 2 30825.822
theguardian 228 3147398 20 0.03 2048 6 http 3 9895.774
stackoverflow 24 600434 800 0.03 512 18 http 4 34912.498
theguardian 228 3147398 80 0.03 0 1 http 1 63258.02
theguardian 228 3147398 20 0.015 0 6 http 0 8213.482
theguardian 228 3147398 800 0 2048 18 http 3 38206.395
stackoverflow 24 600434 194 0.03 0 18 http 0 11802.871
stackoverflow 24 600434 194 0.03 0 1 http 1 17966.085
stackoverflow 24 600434 800 0.03 2048 1 http 1 119472.248
stackoverflow 24 600434 20 0.015 512 18 http 3 2987.604
theguardian 228 3147398 800 0 2048 18 http 1 38204.714
theguardian 228 3147398 800 0 2048 6 http 2 54083.421
stackoverflow 24 600434 80 0 0 18 http 3 3905.036
stackoverflow 24 600434 80 0 0 1 http 4 3906.862
theguardian 228 3147398 80 0.015 2048 6 http 4 12508.257
theguardian 228 3147398 800 0 0 6 http 2 53060.846
theguardian 228 3147398 194 0 2048 1 http 0 50941.028
theguardian 228 3147398 800 0.03 2048 6 http 1 110856.416
stackoverflow 24 600434 194 0.03 0 1 http 4 18367.64
stackoverflow 24 600434 194 0 2048 6 http 3 5960.195
theguardian 228 3147398 20 0.03 0 18 http 1 8501.689
stackoverflow 24 600434 194 0 512 18 http 0 5959.145
stackoverflow 24 600434 194 0 2048 6 http 2 5982.353
stackoverflow 24 600434 194 0.03 0 6 http 0 8282.998
stackoverflow 24 600434 194 0.03 512 6 http 4 9543.399
theguardian 228 3147398 800 0 512 1 http 4 224903.66
stackoverflow 24 600434 20 0.03 2048 6 http 2 4040.311
stackoverflow 24 600434 80 0.015 512 6 http 1 4468.156
stackoverflow 24 600434 20 0 0 1 http 0 2677.368
stackoverflow 24 600434 80 0.015 512 6 http 3 4788.035
theguardian 228 3147398 800 0 512 1 http 3 212487.432
theguardian 228 3147398 194 0.015 0 6 http 4 23909.238
stackoverflow 24 600434 194 0.015 512 6 http 4 7372.806
stackoverflow 24 600434 194 0.015 0 18 http 0 11073.631
stackoverflow 24 600434 194 0 2048 18 http 0 5960.328
stackoverflow 24 600434 800 0.015 0 6 http 0 32828.19
stackoverflow 24 600434 800 0 512 18 http 1 20029.35
stackoverflow 24 600434 80 0 512 6 http 4 3669.626
theguardian 228 3147398 80 0 512 1 http 0 22457.323
theguardian 228 3147398 20 0.03 2048 18 http 4 9050.365
theguardian 228 3147398 80 0.015 0 6 http 1 13503.797
theguardian 228 3147398 800 0.03 0 6 http 1 122596.425
theguardian 228 3147398 80 0.03 512 1 http 4 60166.018
stackoverflow 24 600434 194 0.015 0 18 http 3 7509.244
theguardian 228 3147398 800 0.015 2048 18 http 1 71110.897
stackoverflow 24 600434 20 0.03 2048 1 http 2 4456.442
stackoverflow 24 600434 20 0 2048 6 http 0 2848.551
stackoverflow 24 600434 800 0.015 0 18 http 4 29435.725
theguardian 228 3147398 194 0 512 18 http 0 11993.697
stackoverflow 24 600434 20 0 512 18 http 4 2886.306
stackoverflow 24 600434 800 0 0 6 http 1 19226.894
stackoverflow 24 600434 80 0.015 2048 1 http 0 5773.756
stackoverflow 24 600434 80 0.03 2048 6 http 2 5564.3
theguardian 228 3147398 20 0 512 18 http 4 7603.382
stackoverflow 24 600434 800 0.015 0 18 http 2 37821.564
stackoverflow 24 600434 80 0.015 2048 18 http 0 4385.474
stackoverflow 24 600434 20 0.015 0 6 http 0 3123.876
theguardian 228 3147398 20 0.015 512 6 http 1 8662.037
theguardian 228 3147398 20 0.03 512 6 http 0 9764.338
stackoverflow 24 600434 20 0.03 0 1 http 4 3164.248
theguardian 228 3147398 80 0 512 1 http 4 21354.068
theguardian 228 3147398 20 0 512 6 http 0 7593.353
theguardian 228 3147398 800 0 0 18 http 3 38574.888
theguardian 228 3147398 194 0.015 2048 6 http 2 25928.609
stackoverflow 24 600434 20 0 0 6 http 3 2823.898
stackoverflow 24 600434 800 0 512 6 http 4 18427.002
theguardian 228 3147398 194 0 512 1 http 1 50574.807
stackoverflow 24 600434 20 0.015 2048 6 http 3 2986.353
theguardian 228 3147398 194 0.03 2048 1 http 1 136344.009
stackoverflow 24 600434 194 0.015 2048 18 http 1 7566.238
theguardian 228 3147398 800 0.015 2048 18 http 3 63596.318
stackoverflow 24 600434 80 0.015 2048 1 http 3 6369.773
theguardian 228 3147398 194 0.015 512 6 http 3 21909.435
theguardian 228 3147398 194 0.015 2048 6 http 1 22431.341
stackoverflow 24 600434 80 0.03 0 18 http 1 6344.849
theguardian 228 3147398 800 0.03 2048 1 http 1 529532.148
theguardian 228 3147398 80 0 2048 1 http 0 21734.372
stackoverflow 24 600434 80 0.015 0 1 http 4 7479.817
theguardian 228 3147398 800 0.03 512 18 http 4 82010.65
theguardian 228 3147398 194 0 0 6 http 4 14683.256
theguardian 228 3147398 80 0 2048 6 http 3 9383.911
theguardian 228 3147398 20 0 512 1 http 1 9036.829
stackoverflow 24 600434 194 0 2048 6 http 0 5380.867
theguardian 228 3147398 800 0 2048 6 http 1 52302.519
stackoverflow 24 600434 800 0 0 6 http 2 19232.741
stackoverflow 24 600434 20 0 512 1 http 3 2730.154
theguardian 228 3147398 80 0.015 0 1 http 4 45203.415
stackoverflow 24 600434 194 0.015 512 18 http 1 8781.245
theguardian 228 3147398 20 0.015 512 18 http 0 7801.791
stackoverflow 24 600434 20 0.015 512 18 http 1 3025.917
theguardian 228 3147398 194 0.03 2048 18 http 3 21843.503
stackoverflow 24 600434 194 0 0 1 http 2 8773.952
theguardian 228 3147398 80 0.015 2048 1 http 1 47617.85
stackoverflow 24 600434 800 0.015 512 1 http 4 52225.84
theguardian 228 3147398 80 0.015 512 1 http 3 42053.272
stackoverflow 24 600434 194 0 0 18 http 3 5958.461
theguardian 228 3147398 800 0.03 2048 1 http 4 540049.2
theguardian 228 3147398 80 0 512 1 http 3 21323.433
stackoverflow 24 600434 80 0.03 512 6 http 1 7127.389
theguardian 228 3147398 800 0 0 18 http 0 38381.774
theguardian 228 3147398 80 0 2048 6 http 2 9533.521
stackoverflow 24 600434 800 0 2048 18 http 2 21630.313
theguardian 228 3147398 80 0.015 2048 18 http 4 11510.491
stackoverflow 24 600434 194 0 2048 6 http 1 5957.735
theguardian 228 3147398 194 0.03 0 18 http 4 22623.734
stackoverflow 24 600434 80 0.015 512 18 http 2 5183.259
theguardian 228 3147398 80 0.03 512 1 http 1 62625.451
theguardian 228 3147398 20 0.015 0 18 http 2 7748.197
theguardian 228 3147398 80 0.03 2048 6 http 1 14615.388
stackoverflow 24 600434 194 0.015 512 6 http 3 8781.368
stackoverflow 24 600434 20 0.03 2048 1 http 4 3282.519
theguardian 228 3147398 20 0.03 2048 6 http 4 9068.623
stackoverflow 24 600434 80 0 0 1 http 1 3904.937
theguardian 228 3147398 800 0.03 2048 1 http 2 537498.435
stackoverflow 24 600434 80 0.015 512 1 http 1 8390.96
theguardian 228 3147398 20 0 512 1 http 2 9159.782
stackoverflow 24 600434 80 0.015 0 18 http 0 5175.12
theguardian 228 3147398 80 0.03 2048 6 http 0 14616.804
theguardian 228 3147398 80 0.03 2048 6 http 4 14035.561
theguardian 228 3147398 80 0.015 0 18 http 0 10762.177
stackoverflow 24 600434 800 0.03 512 6 http 3 38023.216
stackoverflow 24 600434 194 0 512 1 http 3 8173.042
theguardian 228 3147398 20 0 2048 18 http 4 7603.872
theguardian 228 3147398 20 0.015 0 6 http 3 8487.977
theguardian 228 3147398 194 0.03 512 18 http 4 21918.836
stackoverflow 24 600434 20 0 2048 18 http 2 2885.821
theguardian 228 3147398 194 0.015 0 6 http 0 20592.007
theguardian 228 3147398 20 0.03 512 6 http 3 9585.053
theguardian 228 3147398 80 0.015 0 6 http 4 13479.902
theguardian 228 3147398 80 0 2048 18 http 0 8984.831
stackoverflow 24 600434 800 0.03 2048 6 http 0 46074.957
theguardian 228 3147398 80 0 0 1 http 2 22848.141
stackoverflow 24 600434 80 0.015 512 18 http 0 4386.191
theguardian 228 3147398 800 0 512 6 http 3 55502.415
theguardian 228 3147398 20 0 0 6 http 3 7618.439
theguardian 228 3147398 800 0.015 0 1 http 0 390133.798
stackoverflow 24 600434 80 0 0 6 http 2 3747.977
stackoverflow 24 600434 800 0.015 0 18 http 1 36523.954
stackoverflow 24 600434 800 0.03 0 1 http 0 79187.368
stackoverflow 24 600434 20 0.015 512 1 http 4 3617.574
stackoverflow 24 600434 20 0.03 512 1 http 2 3201.533
theguardian 228 3147398 194 0.015 512 18 http 4 16639.639
theguardian 228 3147398 194 0.015 2048 18 http 4 19652.85
theguardian 228 3147398 800 0.015 2048 1 http 4 406133.176
stackoverflow 24 600434 80 0.03 512 6 http 0 7566.352
stackoverflow 24 600434 194 0.015 2048 6 http 1 6543.168
stackoverflow 24 600434 20 0 2048 1 http 1 2660.768
theguardian 228 3147398 800 0.03 0 6 http 0 121557.539
theguardian 228 3147398 80 0.015 512 18 http 3 10188.499
stackoverflow 24 600434 800 0.015 2048 1 http 1 54423.747
stackoverflow 24 600434 80 0.015 2048 6 http 3 4705.507
stackoverflow 24 600434 194 0 2048 1 http 1 8174.149
theguardian 228 3147398 20 0 0 1 http 3 9718.395
stackoverflow 24 600434 80 0 512 6 http 1 3906.323
theguardian 228 3147398 20 0.015 512 1 http 0 16627.546
theguardian 228 3147398 80 0.03 2048 18 http 3 12063.676
theguardian 228 3147398 800 0.015 2048 1 http 1 402055.83
stackoverflow 24 600434 194 0.015 0 6 http 3 8659.127
theguardian 228 3147398 80 0.03 0 6 http 0 13154.068
stackoverflow 24 600434 800 0.015 2048 6 http 4 27126.079
theguardian 228 3147398 20 0.015 2048 1 http 4 15142.008
theguardian 228 3147398 20 0.03 0 1 http 3 20703.565
stackoverflow 24 600434 80 0.015 512 6 http 0 4682.957
stackoverflow 24 600434 194 0.015 2048 1 http 1 16022.215
stackoverflow 24 600434 80 0 512 6 http 0 3986.376
theguardian 228 3147398 800 0.015 512 6 http 1 113254.039
stackoverflow 24 600434 800 0.015 0 1 http 4 70111.267
stackoverflow 24 600434 20 0.03 2048 6 http 4 3246.865
theguardian 228 3147398 80 0.03 512 6 http 4 15696.119
stackoverflow 24 600434 80 0 2048 6 http 3 3907.375
theguardian 228 3147398 194 0.03 0 6 http 1 32909.867
theguardian 228 3147398 20 0.015 0 6 http 4 8441.127
theguardian 228 3147398 194 0.03 2048 1 http 3 146429.011
stackoverflow 24 600434 20 0 512 6 http 1 2825.696
theguardian 228 3147398 194 0.03 512 6 http 1 26772.551
stackoverflow 24 600434 80 0.015 0 6 http 2 5325.165
stackoverflow 24 600434 20 0 0 1 http 1 2661.29
stackoverflow 24 600434 80 0.03 512 1 http 1 8604.734
stackoverflow 24 600434 80 0 2048 18 http 4 4145.814
theguardian 228 3147398 20 0.015 512 6 http 3 8250.047
theguardian 228 3147398 194 0.015 0 1 http 3 108772.86
theguardian 228 3147398 80 0.03 0 18 http 2 12621.481
stackoverflow 24 600434 20 0.015 0 18 http 0 3474.087
stackoverflow 24 600434 80 0 2048 6 http 2 3909.868
theguardian 228 3147398 194 0.015 0 1 http 2 107234.315
stackoverflow 24 600434 194 0.015 0 6 http 0 7954.025
stackoverflow 24 600434 800 0.03 0 18 http 0 37258.093
theguardian 228 3147398 20 0.015 2048 6 http 4 8104.967
theguardian 228 3147398 194 0.03 0 1 http 4 137672.602
theguardian 228 3147398 194 0.03 2048 6 http 4 32537.758
theguardian 228 3147398 194 0 2048 6 http 3 13884.426
theguardian 228 3147398 80 0.015 0 18 http 1 11119.332
theguardian 228 3147398 80 0 512 1 http 1 22546.39
stackoverflow 24 600434 194 0.03 0 18 http 3 11033.707
stackoverflow 24 600434 20 0.015 512 1 http 3 3024.239
theguardian 228 3147398 20 0.015 2048 6 http 1 8657.518
theguardian 228 3147398 194 0.03 0 18 http 1 19639.998
theguardian 228 3147398 20 0 2048 6 http 2 7645.19
stackoverflow 24 600434 194 0 512 18 http 4 5958.288
stackoverflow 24 600434 80 0 2048 6 http 0 3984.518
stackoverflow 24 600434 800 0.015 2048 1 http 2 51267.687
theguardian 228 3147398 194 0 512 18 http 1 12140.976
theguardian 228 3147398 20 0 512 1 http 4 8732.838
stackoverflow 24 600434 80 0.03 512 6 http 4 5980.314
stackoverflow 24 600434 80 0.015 0 6 http 3 5743.519
stackoverflow 24 600434 20 0.03 512 1 http 3 3525.432
theguardian 228 3147398 80 0 512 18 http 2 9067.657
stackoverflow 24 600434 194 0.03 512 6 http 3 11756.848
stackoverflow 24 600434 800 0.015 512 1 http 2 61925.162
stackoverflow 24 600434 80 0.03 512 1 http 2 8500.085
stackoverflow 24 600434 80 0.015 2048 6 http 2 5106.443
stackoverflow 24 600434 800 0 2048 6 http 0 20026.828
stackoverflow 24 600434 80 0.03 512 18 http 4 6776.987
stackoverflow 24 600434 20 0 2048 6 http 1 2824.725
stackoverflow 24 600434 194 0.03 512 18 http 3 11196.32
stackoverflow 24 600434 80 0.03 0 6 http 4 6587.347
theguardian 228 3147398 80 0 2048 18 http 3 8984.711
stackoverflow 24 600434 80 0 0 6 http 0 3581.908
theguardian 228 3147398 80 0 0 18 http 2 8882.34
theguardian 228 3147398 80 0 2048 6 http 1 9719.523
theguardian 228 3147398 800 0 512 6 http 4 53917.905
theguardian 228 3147398 80 0.03 2048 1 http 4 57761.761
theguardian 228 3147398 80 0.03 0 6 http 1 16145.36
stackoverflow 24 600434 80 0.015 512 1 http 0 7993.986
theguardian 228 3147398 80 0.015 512 18 http 4 11209.85
theguardian 228 3147398 800 0.03 0 1 http 0 539831.96
theguardian 228 3147398 800 0 0 6 http 0 51533.671
stackoverflow 24 600434 194 0.03 2048 1 http 1 20575.33
theguardian 228 3147398 800 0.03 2048 1 http 3 532255.424
stackoverflow 24 600434 800 0 2048 18 http 3 21627.18
theguardian 228 3147398 194 0.015 0 6 http 2 24212.571
theguardian 228 3147398 20 0.03 0 1 http 2 18723.369
stackoverflow 24 600434 20 0.03 512 18 http 0 3048.139
stackoverflow 24 600434 80 0.015 0 18 http 3 4544.552
stackoverflow 24 600434 20 0 2048 6 http 4 2827.238
stackoverflow 24 600434 20 0.03 0 6 http 1 3224.352
stackoverflow 24 600434 20 0.015 2048 1 http 1 3586.506
theguardian 228 3147398 800 0.015 0 6 http 4 88913
stackoverflow 24 600434 800 0.015 0 1 http 1 74274.715
stackoverflow 24 600434 194 0 512 1 http 2 8262.999
stackoverflow 24 600434 20 0.015 0 18 http 2 3202.255
stackoverflow 24 600434 20 0 2048 1 http 4 2661.242
theguardian 228 3147398 80 0.015 512 1 http 2 40657.99
theguardian 228 3147398 194 0 512 6 http 3 14673.693
stackoverflow 24 600434 20 0.015 0 6 http 2 3367.031
theguardian 228 3147398 800 0 2048 6 http 3 54769.554
theguardian 228 3147398 800 0.015 512 18 http 2 62515.071
stackoverflow 24 600434 20 0.03 2048 6 http 1 3689.762
stackoverflow 24 600434 80 0.03 512 18 http 1 5240.342
stackoverflow 24 600434 194 0 2048 18 http 3 5966.834
theguardian 228 3147398 800 0.03 512 6 http 2 120209.127
stackoverflow 24 600434 194 0.015 2048 1 http 2 19555.385
theguardian 228 3147398 194 0.03 0 6 http 3 30082.348
stackoverflow 24 600434 80 0 0 6 http 1 3589.373
theguardian 228 3147398 80 0 2048 1 http 4 21916.276
stackoverflow 24 600434 800 0.015 512 6 http 4 31439.583
theguardian 228 3147398 194 0 512 6 http 0 13059.864
theguardian 228 3147398 800 0.015 512 6 http 0 94192.903
stackoverflow 24 600434 20 0 2048 18 http 3 2886.011
stackoverflow 24 600434 194 0.015 512 18 http 0 7758.878
theguardian 228 3147398 20 0 512 6 http 1 7581.524
stackoverflow 24 600434 194 0 0 6 http 3 5962.177
theguardian 228 3147398 800 0.03 512 18 http 1 77326.048
theguardian 228 3147398 194 0.015 512 1 http 4 92127.275
theguardian 228 3147398 194 0.015 0 18 http 1 16536.42
stackoverflow 24 600434 800 0 0 6 http 3 19243.342
theguardian 228 3147398 800 0 2048 6 http 4 55449.169
theguardian 228 3147398 20 0.015 2048 18 http 1 7901.194
stackoverflow 24 600434 194 0.015 0 1 http 4 13250.98
theguardian 228 3147398 20 0.015 2048 18 http 4 7850.317
theguardian 228 3147398 20 0 0 6 http 1 7584.735
stackoverflow 24 600434 800 0.015 0 1 http 0 64666.583
stackoverflow 24 600434 800 0.03 512 1 http 1 92519.043
theguardian 228 3147398 80 0 0 1 http 1 21960.652
theguardian 228 3147398 20 0 0 1 http 1 9244.67
theguardian 228 3147398 80 0 2048 18 http 2 9139.941
stackoverflow 24 600434 20 0 2048 18 http 0 2890.423
theguardian 228 3147398 20 0.03 0 18 http 4 9324.451
theguardian 228 3147398 800 0 2048 18 http 4 37457.735
theguardian 228 3147398 20 0.03 512 1 http 1 20315.716
theguardian 228 3147398 194 0 512 18 http 4 12188.774
stackoverflow 24 600434 20 0.03 2048 18 http 4 3224.802
stackoverflow 24 600434 194 0.015 2048 6 http 0 7955.999
stackoverflow 24 600434 800 0.015 2048 18 http 1 23679.944
stackoverflow 24 600434 20 0 512 6 http 4 2826.974
theguardian 228 3147398 80 0.03 2048 18 http 0 12773.531
theguardian 228 3147398 800 0.03 2048 1 http 0 537068.332
stackoverflow 24 600434 80 0 0 18 http 1 3904.059
theguardian 228 3147398 20 0 2048 6 http 4 7591.739
theguardian 228 3147398 80 0 512 6 http 0 9538.686
theguardian 228 3147398 80 0.03 0 6 http 3 15589.978
stackoverflow 24 600434 800 0 512 1 http 3 34438.327
stackoverflow 24 600434 800 0 512 1 http 0 35637.388
theguardian 228 3147398 194 0 2048 18 http 4 12170.184
stackoverflow 24 600434 194 0.015 0 18 http 1 9642.424
stackoverflow 24 600434 194 0 0 1 http 3 8823.466
stackoverflow 24 600434 800 0.015 2048 18 http 3 23423.691
stackoverflow 24 600434 194 0.03 0 6 http 2 13735.095
stackoverflow 24 600434 20 0 2048 1 http 0 2662.103
stackoverflow 24 600434 20 0.015 512 6 http 2 3047.294
stackoverflow 24 600434 194 0.015 512 1 http 0 14260.911
stackoverflow 24 600434 800 0.015 0 18 http 0 27227.278
theguardian 228 3147398 800 0.03 512 1 http 1 554449.052
stackoverflow 24 600434 194 0 512 1 http 0 8279.342
stackoverflow 24 600434 194 0.03 512 1 http 0 24684.358
stackoverflow 24 600434 20 0 0 18 http 0 2844.304
stackoverflow 24 600434 20 0 512 18 http 2 2888.722
theguardian 228 3147398 80 0.015 0 18 http 3 9709.754
theguardian 228 3147398 800 0.03 0 1 http 4 503696.486
stackoverflow 24 600434 800 0 512 18 http 3 20029.754
theguardian 228 3147398 20 0.015 0 1 http 3 14808.107
stackoverflow 24 600434 80 0 2048 6 http 4 3906.48
stackoverflow 24 600434 194 0 0 18 http 1 5958.307
stackoverflow 24 600434 800 0.015 2048 18 http 4 33625.135
stackoverflow 24 600434 800 0 2048 18 http 1 21627.767
stackoverflow 24 600434 20 0 0 1 http 2 2692.043
stackoverflow 24 600434 20 0.03 512 6 http 2 3367.149
theguardian 228 3147398 194 0 512 1 http 4 50863.872
stackoverflow 24 600434 20 0 512 6 http 3 2825.65
theguardian 228 3147398 800 0.015 2048 6 http 2 94149.526
theguardian 228 3147398 194 0.015 2048 1 http 0 107811.68
stackoverflow 24 600434 80 0 512 1 http 2 3749.607
stackoverflow 24 600434 80 0.03 2048 6 http 4 5628.217
theguardian 228 3147398 800 0 0 18 http 4 37832.306
stackoverflow 24 600434 80 0.03 512 1 http 4 7239.937
stackoverflow 24 600434 20 0 512 18 http 0 2886.189
theguardian 228 3147398 800 0.03 512 1 http 3 547894.077
stackoverflow 24 600434 80 0 2048 1 http 3 3585.419
stackoverflow 24 600434 80 0 512 18 http 1 4146.027
stackoverflow 24 600434 20 0.03 0 18 http 1 3790.528
stackoverflow 24 600434 194 0 512 1 http 4 8166.344
theguardian 228 3147398 194 0.03 512 1 http 3 134228.548
theguardian 228 3147398 800 0.015 2048 6 http 0 90529.723
theguardian 228 3147398 20 0.015 512 6 http 4 8108.841
theguardian 228 3147398 800 0 512 18 http 4 37419.019
theguardian 228 3147398 800 0 0 6 http 3 52207.019
theguardian 228 3147398 80 0 2048 1 http 2 22584.545
theguardian 228 3147398 194 0 0 1 http 3 58428.828
theguardian 228 3147398 20 0.015 512 1 http 3 15041.769
stackoverflow 24 600434 80 0.03 512 6 http 2 6473.62
theguardian 228 3147398 80 0 512 6 http 2 9112.051
theguardian 228 3147398 80 0 2048 6 http 0 9925.877
stackoverflow 24 600434 800 0 512 18 http 4 20028.743
stackoverflow 24 600434 194 0.03 0 6 http 3 9347.032
theguardian 228 3147398 194 0.015 2048 18 http 2 17999.235
theguardian 228 3147398 20 0 512 18 http 1 7603.574
stackoverflow 24 600434 800 0 0 18 http 1 20029.678
theguardian 228 3147398 80 0.03 512 6 http 3 14628.356
stackoverflow 24 600434 194 0.015 0 6 http 2 7121.307
stackoverflow 24 600434 800 0 0 1 http 2 36044.114
theguardian 228 3147398 80 0.03 0 1 http 3 57362.544
stackoverflow 24 600434 194 0.015 2048 18 http 0 7899.56
stackoverflow 24 600434 20 0.03 0 1 http 1 4804.608
theguardian 228 3147398 20 0 2048 1 http 4 8890.787
stackoverflow 24 600434 194 0.015 512 18 http 3 6796.006
stackoverflow 24 600434 800 0.015 512 18 http 0 27225.4
stackoverflow 24 600434 800 0.015 2048 6 http 2 26184.574
theguardian 228 3147398 20 0.015 0 1 http 4 14404.634
theguardian 228 3147398 194 0 2048 6 http 1 13454.125
stackoverflow 24 600434 20 0.03 512 1 http 1 3574.895
theguardian 228 3147398 80 0.015 512 6 http 2 10756.044
stackoverflow 24 600434 194 0.03 0 6 http 4 10916.058
stackoverflow 24 600434 20 0.015 2048 18 http 0 2927.996
theguardian 228 3147398 20 0.03 2048 1 http 3 18724.738
theguardian 228 3147398 20 0 0 18 http 4 7603.636
theguardian 228 3147398 80 0.015 512 18 http 1 11097.509
theguardian 228 3147398 800 0.015 0 18 http 4 60010.189
stackoverflow 24 600434 194 0.03 2048 1 http 2 20787.725
theguardian 228 3147398 20 0 2048 1 http 2 9100.864
stackoverflow 24 600434 80 0.015 0 1 http 2 7294.585
theguardian 228 3147398 20 0.015 0 18 http 1 8187.574
stackoverflow 24 600434 80 0.015 0 6 http 1 4547.569
theguardian 228 3147398 800 0.03 512 1 http 4 481126.548
stackoverflow 24 600434 194 0.015 2048 18 http 2 6427.019
theguardian 228 3147398 80 0 2048 1 http 1 20980.47
stackoverflow 24 600434 800 0.03 512 6 http 0 35253.63
stackoverflow 24 600434 80 0.015 512 18 http 3 4684.631
stackoverflow 24 600434 800 0.03 2048 1 http 4 90952.762
theguardian 228 3147398 80 0.03 2048 1 http 0 58731.727
stackoverflow 24 600434 20 0.03 2048 6 http 3 8331.956
stackoverflow 24 600434 20 0.015 2048 6 http 2 3267.792
theguardian 228 3147398 800 0.03 0 1 http 2 498951.672
stackoverflow 24 600434 20 0.015 2048 1 http 0 4041.76
theguardian 228 3147398 194 0.015 0 6 http 1 19735.467
theguardian 228 3147398 194 0.03 512 6 http 4 34875.018
theguardian 228 3147398 800 0.03 2048 18 http 2 100890.594
theguardian 228 3147398 800 0.015 0 1 http 2 370739.176
theguardian 228 3147398 20 0.015 2048 6 http 3 8496.434
theguardian 228 3147398 20 0.03 0 6 http 1 9706.49
stackoverflow 24 600434 194 0 0 18 http 4 5959.795
theguardian 228 3147398 800 0 0 6 http 4 52262.415
stackoverflow 24 600434 20 0 2048 18 http 4 2885.746
stackoverflow 24 600434 20 0.015 2048 1 http 3 3336.267
stackoverflow 24 600434 800 0 512 1 http 1 34458.636
theguardian 228 3147398 194 0 0 6 http 1 13308.629
theguardian 228 3147398 80 0.03 0 18 http 4 13362.519
stackoverflow 24 600434 800 0.015 0 1 http 2 53584.502
theguardian 228 3147398 20 0.03 0 1 http 0 21145.223
theguardian 228 3147398 80 0.03 0 6 http 4 14326.87
theguardian 228 3147398 20 0.015 2048 1 http 1 14574.074
stackoverflow 24 600434 194 0 512 18 http 3 5961.487
theguardian 228 3147398 800 0.015 2048 6 http 3 85827.996
stackoverflow 24 600434 194 0.03 2048 6 http 2 9697.883
stackoverflow 24 600434 194 0.015 2048 6 http 2 9838.965
theguardian 228 3147398 800 0 2048 1 http 4 260499.244
theguardian 228 3147398 20 0.03 2048 18 http 3 8345.851
stackoverflow 24 600434 80 0.03 2048 6 http 0 4706.349
theguardian 228 3147398 194 0.015 512 1 http 0 100986.607
stackoverflow 24 600434 80 0 512 18 http 0 4148.478
theguardian 228 3147398 80 0.03 0 18 http 1 11927.047
stackoverflow 24 600434 800 0 0 18 http 2 20031.354
theguardian 228 3147398 20 0.015 2048 6 http 0 8157.039
stackoverflow 24 600434 20 0.015 0 18 http 1 2950.218
stackoverflow 24 600434 80 0 0 6 http 3 3903.456
theguardian 228 3147398 194 0 0 1 http 0 52323.873
stackoverflow 24 600434 800 0 512 1 http 4 34470.57
theguardian 228 3147398 20 0 0 6 http 0 7551.693
theguardian 228 3147398 194 0 0 6 http 2 14157.382
theguardian 228 3147398 80 0.015 0 18 http 4 11678.856
stackoverflow 24 600434 20 0.015 0 6 http 3 2986.44
theguardian 228 3147398 800 0.015 0 18 http 0 56820.628
theguardian 228 3147398 194 0 0 1 http 2 51886.377
theguardian 228 3147398 194 0 512 1 http 3 50283.374
theguardian 228 3147398 800 0.03 2048 18 http 4 72335.162
stackoverflow 24 600434 194 0 0 6 http 1 5958.066
stackoverflow 24 600434 800 0.015 2048 6 http 3 21631.681
theguardian 228 3147398 800 0.03 0 1 http 3 527032.763
theguardian 228 3147398 80 0.03 2048 18 http 4 13294.04
theguardian 228 3147398 80 0.03 512 18 http 4 13369.072
theguardian 228 3147398 800 0.015 2048 1 http 3 422087.197
stackoverflow 24 600434 20 0 0 1 http 4 2661.121
stackoverflow 24 600434 800 0.03 2048 1 http 3 66279.376
theguardian 228 3147398 194 0.015 0 18 http 4 19399.628
theguardian 228 3147398 20 0.03 0 6 http 3 9040.484
theguardian 228 3147398 194 0.015 512 18 http 3 15089.172
stackoverflow 24 600434 80 0.015 0 18 http 4 5120.305
theguardian 228 3147398 194 0 512 6 http 4 13212.069
theguardian 228 3147398 20 0.03 512 1 http 0 25596.835
theguardian 228 3147398 800 0 512 18 http 3 37067.169
theguardian 228 3147398 800 0.03 512 1 http 0 501099.54
theguardian 228 3147398 20 0.03 0 6 http 0 9085.168
stackoverflow 24 600434 194 0.03 512 6 http 2 11138.49
theguardian 228 3147398 20 0.03 512 18 http 0 8403.869
stackoverflow 24 600434 20 0 512 6 http 0 2828.936
theguardian 228 3147398 80 0.015 2048 18 http 1 11985.265
theguardian 228 3147398 194 0.015 512 1 http 3 101663.796
stackoverflow 24 600434 20 0 0 6 http 2 2806.032
theguardian 228 3147398 194 0 0 18 http 0 12575.547
stackoverflow 24 600434 800 0.015 0 6 http 3 27229.128
theguardian 228 3147398 194 0 0 18 http 2 12332.857
theguardian 228 3147398 800 0.03 512 18 http 2 69768.772
theguardian 228 3147398 800 0 512 1 http 0 213321.938
theguardian 228 3147398 20 0.015 0 18 http 0 7709.534
stackoverflow 24 600434 194 0 2048 6 http 4 5961.455
stackoverflow 24 600434 800 0.03 2048 18 http 2 49446.874
theguardian 228 3147398 20 0 512 6 http 2 7645.601
theguardian 228 3147398 20 0.03 2048 1 http 4 18999.509
theguardian 228 3147398 20 0 2048 18 http 2 7604.886
stackoverflow 24 600434 80 0.03 0 18 http 4 7440.563
stackoverflow 24 600434 20 0.015 2048 6 http 4 3026.285
theguardian 228 3147398 80 0 0 18 http 1 8705.748
theguardian 228 3147398 800 0.015 0 1 http 1 424588.321
stackoverflow 24 600434 20 0.03 0 6 http 0 3228.532
stackoverflow 24 600434 80 0.03 2048 1 http 2 7557.809
theguardian 228 3147398 80 0 512 6 http 3 9029.822
theguardian 228 3147398 20 0 512 6 http 4 7581.843
theguardian 228 3147398 20 0.015 2048 1 http 3 12926.489
stackoverflow 24 600434 800 0 0 18 http 4 20027.168
stackoverflow 24 600434 800 0 2048 18 http 4 21626.422
stackoverflow 24 600434 20 0 0 18 http 2 2844.698
stackoverflow 24 600434 20 0.015 512 18 http 0 2986.953
stackoverflow 24 600434 194 0.03 0 1 http 3 17392.543
theguardian 228 3147398 80 0.03 512 1 http 3 60364.928
theguardian 228 3147398 800 0 512 6 http 2 53835.458
stackoverflow 24 600434 194 0.03 0 6 http 1 8974.654
stackoverflow 24 600434 20 0.03 512 6 http 4 3123.507
stackoverflow 24 600434 800 0.03 512 18 http 1 51161.001
theguardian 228 3147398 80 0.015 512 6 http 0 11361.235
stackoverflow 24 600434 800 0.03 0 6 http 4 46069.258
theguardian 228 3147398 194 0 2048 1 http 3 50787.013
stackoverflow 24 600434 80 0.03 2048 1 http 3 7697.594
theguardian 228 3147398 194 0.015 0 1 http 1 103756.064
theguardian 228 3147398 194 0.03 2048 6 http 3 30453.577
stackoverflow 24 600434 80 0 2048 6 http 1 3907.765
stackoverflow 24 600434 20 0 2048 6 http 3 2844.339
stackoverflow 24 600434 800 0.015 2048 1 http 3 61668.065
stackoverflow 24 600434 20 0 512 1 http 4 2730.132
stackoverflow 24 600434 800 0.03 512 6 http 2 41036.226
theguardian 228 3147398 800 0.03 0 18 http 0 73812.981
stackoverflow 24 600434 800 0.015 0 6 http 4 24325.642
theguardian 228 3147398 20 0.03 512 6 http 1 9009.111
theguardian 228 3147398 194 0.03 512 1 http 1 126779.663
stackoverflow 24 600434 800 0.03 0 1 http 1 90590.767
theguardian 228 3147398 20 0.015 2048 1 http 2 13582.062
stackoverflow 24 600434 800 0.03 512 18 http 3 30432.568
theguardian 228 3147398 800 0.015 512 6 http 4 85127.6
stackoverflow 24 600434 80 0.03 512 1 http 3 11648.377
stackoverflow 24 600434 80 0 512 1 http 1 3748.414
theguardian 228 3147398 80 0 2048 6 http 4 10005.363
stackoverflow 24 600434 20 0.015 0 1 http 3 3161.736
theguardian 228 3147398 194 0 2048 18 http 3 11985.4
theguardian 228 3147398 20 0.03 2048 18 http 2 8767.676
theguardian 228 3147398 194 0.015 2048 6 http 0 22400.916
stackoverflow 24 600434 20 0.015 512 1 http 2 3012.478
theguardian 228 3147398 800 0.03 0 18 http 4 78966.637
stackoverflow 24 600434 800 0.03 0 6 http 3 34426.402
stackoverflow 24 600434 194 0 0 1 http 1 9026.44
theguardian 228 3147398 80 0.015 0 6 http 0 12321.549
stackoverflow 24 600434 800 0.015 0 1 http 3 61365.005
theguardian 228 3147398 800 0.03 2048 6 http 3 132401.386
stackoverflow 24 600434 194 0.03 512 18 http 2 7702.177
stackoverflow 24 600434 80 0.03 512 18 http 0 5423.772
stackoverflow 24 600434 194 0.03 0 1 http 0 18023.138
stackoverflow 24 600434 80 0.03 2048 18 http 3 6511.761
stackoverflow 24 600434 194 0.015 2048 6 http 4 9836.368
theguardian 228 3147398 194 0.03 0 18 http 2 24488.841
stackoverflow 24 600434 20 0 512 1 http 2 2730.468
theguardian 228 3147398 194 0.015 512 1 http 2 107539.408
theguardian 228 3147398 80 0.015 512 6 http 4 12730.861
stackoverflow 24 600434 800 0.015 512 6 http 2 34006.561
stackoverflow 24 600434 20 0 512 18 http 1 2886.442
stackoverflow 24 600434 194 0.015 512 6 http 2 8093.414
stackoverflow 24 600434 194 0.03 0 18 http 2 9169.241
stackoverflow 24 600434 800 0.03 2048 6 http 4 41468.35
stackoverflow 24 600434 194 0.015 0 1 http 3 11398.161
stackoverflow 24 600434 194 0.03 2048 18 http 3 8089.668
theguardian 228 3147398 800 0 0 1 http 3 238820.119
stackoverflow 24 600434 800 0.015 2048 1 http 0 50470.738
theguardian 228 3147398 194 0 2048 6 http 4 14803.401
stackoverflow 24 600434 800 0.03 2048 18 http 1 38694.709
theguardian 228 3147398 800 0.015 512 1 http 0 420251.82
stackoverflow 24 600434 80 0 512 1 http 0 3664.794
stackoverflow 24 600434 20 0.015 0 6 http 1 3104.129
stackoverflow 24 600434 80 0.03 0 1 http 3 7654.28
theguardian 228 3147398 20 0.03 512 18 http 4 8679.906
theguardian 228 3147398 194 0.015 0 1 http 4 96304.762
stackoverflow 24 600434 20 0.015 512 6 http 3 2966.356
stackoverflow 24 600434 194 0.03 512 6 http 0 13659.779
theguardian 228 3147398 20 0.015 2048 1 http 0 15654.549
stackoverflow 24 600434 20 0 0 1 http 3 2661.028
theguardian 228 3147398 80 0 0 18 http 4 9065.438
stackoverflow 24 600434 194 0.015 512 18 http 2 7476.585
stackoverflow 24 600434 20 0.015 512 1 http 1 3847.534
stackoverflow 24 600434 800 0.015 2048 18 http 0 26967.077
stackoverflow 24 600434 20 0.015 512 6 http 0 3104.947
stackoverflow 24 600434 80 0.03 2048 1 http 4 8675.668
stackoverflow 24 600434 194 0 2048 18 http 4 5983.117
stackoverflow 24 600434 800 0 512 6 http 1 19229.213
stackoverflow 24 600434 800 0.015 2048 6 http 0 31230.538
theguardian 228 3147398 80 0.03 512 18 http 0 11884.021
theguardian 228 3147398 80 0.015 2048 6 http 2 11559.838
theguardian 228 3147398 20 0.015 512 18 http 3 8399.934
stackoverflow 24 600434 80 0.03 512 6 http 3 5280.357
stackoverflow 24 600434 800 0 0 1 http 4 36024.707
theguardian 228 3147398 20 0.03 0 18 http 2 7848.142
theguardian 228 3147398 194 0.03 2048 6 http 1 30466.039
stackoverflow 24 600434 80 0.015 2048 18 http 3 4821.868
theguardian 228 3147398 80 0.015 2048 6 http 0 13174.177
theguardian 228 3147398 20 0.03 0 1 http 4 20630.688
theguardian 228 3147398 20 0.03 0 6 http 4 9372.76
stackoverflow 24 600434 80 0.015 512 6 http 2 4704.003
stackoverflow 24 600434 20 0.015 2048 1 http 2 3277.068
theguardian 228 3147398 80 0 512 1 http 2 23261.643
theguardian 228 3147398 20 0 0 6 http 4 7658.053
stackoverflow 24 600434 800 0.03 512 18 http 0 36294.047
stackoverflow 24 600434 194 0.03 512 1 http 4 23957.858
stackoverflow 24 600434 194 0.03 2048 18 http 0 10679.333
stackoverflow 24 600434 80 0.015 0 6 http 0 4626.46
theguardian 228 3147398 20 0.015 0 1 http 1 14007.124
theguardian 228 3147398 194 0 2048 6 http 0 13979.719
theguardian 228 3147398 80 0 512 6 http 4 9378.89
theguardian 228 3147398 194 0.03 512 18 http 2 22118.913
theguardian 228 3147398 800 0 2048 18 http 0 38477.479
theguardian 228 3147398 20 0 2048 18 http 1 7607.017
theguardian 228 3147398 194 0.015 2048 18 http 0 18120.036
stackoverflow 24 600434 194 0.03 512 18 http 0 13465.672
theguardian 228 3147398 800 0 2048 1 http 2 226678.599
stackoverflow 24 600434 20 0 0 6 http 0 2766.058
stackoverflow 24 600434 80 0 2048 1 http 4 3665.194
stackoverflow 24 600434 194 0.03 0 18 http 4 10863.108
theguardian 228 3147398 800 0 0 1 http 4 211661.872
theguardian 228 3147398 194 0 2048 18 http 2 12463.115
stackoverflow 24 600434 800 0.015 0 18 http 3 34425.11
theguardian 228 3147398 20 0.015 512 18 http 1 8292.047
theguardian 228 3147398 194 0.03 512 6 http 0 32380.665
theguardian 228 3147398 194 0.015 512 6 http 4 20577.833
stackoverflow 24 600434 800 0 0 18 http 0 20029.543
theguardian 228 3147398 800 0.03 0 1 http 1 536489.506
stackoverflow 24 600434 80 0.03 0 6 http 3 6373.248
stackoverflow 24 600434 20 0.015 2048 18 http 2 2905.563
theguardian 228 3147398 194 0.015 0 1 http 0 94381.364
theguardian 228 3147398 80 0 512 18 http 1 8973.265
theguardian 228 3147398 194 0 2048 1 http 1 62709.871
theguardian 228 3147398 80 0.015 2048 1 http 3 41666.121
theguardian 228 3147398 80 0.015 512 1 http 0 45393.8
theguardian 228 3147398 20 0.03 512 6 http 2 9403.152
theguardian 228 3147398 194 0.015 512 6 http 2 23627.396
theguardian 228 3147398 80 0.015 512 6 http 1 12570.623
theguardian 228 3147398 20 0 2048 6 http 1 7601.489
stackoverflow 24 600434 20 0.015 0 18 http 3 3024.114
stackoverflow 24 600434 20 0.03 512 1 http 0 3624.336
stackoverflow 24 600434 20 0 0 6 http 1 2787.056
theguardian 228 3147398 800 0 0 18 http 2 37480.762
theguardian 228 3147398 80 0.015 0 18 http 2 11461.39
stackoverflow 24 600434 800 0 2048 1 http 1 32863.252
stackoverflow 24 600434 80 0.03 0 18 http 2 5389.523
theguardian 228 3147398 800 0 2048 1 http 3 236809.689
theguardian 228 3147398 800 0.015 0 6 http 1 90572.008
theguardian 228 3147398 20 0.015 512 1 http 1 15642.726
theguardian 228 3147398 20 0.03 0 1 http 1 22492.545
theguardian 228 3147398 194 0 0 1 http 1 54906.555
stackoverflow 24 600434 194 0.015 512 1 http 3 14313.244
stackoverflow 24 600434 20 0.03 512 18 http 4 3747.349
stackoverflow 24 600434 800 0 2048 6 http 3 20033.475
stackoverflow 24 600434 20 0.015 2048 1 http 4 3843.653
theguardian 228 3147398 800 0.015 512 1 http 2 384275.541
stackoverflow 24 600434 800 0.03 2048 1 http 0 78224.2
stackoverflow 24 600434 20 0.03 512 1 http 4 3388.971
stackoverflow 24 600434 194 0.015 0 1 http 1 15020.316
theguardian 228 3147398 800 0 512 6 http 1 54626.098
theguardian 228 3147398 20 0 512 18 http 0 7602.114
theguardian 228 3147398 800 0.015 2048 1 http 0 391784.791
stackoverflow 24 600434 800 0.03 2048 6 http 3 32033.182
stackoverflow 24 600434 194 0.03 512 1 http 3 22532.399
theguardian 228 3147398 800 0.015 2048 6 http 4 79689.206
stackoverflow 24 600434 800 0 2048 1 http 0 32846.341
theguardian 228 3147398 20 0 512 18 http 3 7603.609
theguardian 228 3147398 194 0.03 0 18 http 0 24547.239
stackoverflow 24 600434 80 0 2048 18 http 0 4149.299
theguardian 228 3147398 194 0.03 0 18 http 3 23116.664
theguardian 228 3147398 20 0.03 2048 6 http 2 9108.289
theguardian 228 3147398 194 0.015 2048 6 http 3 22828.241
stackoverflow 24 600434 194 0.03 2048 1 http 3 16527.483
stackoverflow 24 600434 80 0 2048 1 http 1 3668.303
stackoverflow 24 600434 20 0.015 2048 18 http 4 3616.806
stackoverflow 24 600434 80 0.03 512 18 http 2 6282.471
stackoverflow 24 600434 20 0 0 18 http 4 2843.772
stackoverflow 24 600434 20 0 2048 1 http 3 2661.032
stackoverflow 24 600434 20 0 0 18 http 3 2843.674
stackoverflow 24 600434 80 0.03 2048 6 http 3 5023.917
theguardian 228 3147398 80 0.015 2048 6 http 3 10482.315
stackoverflow 24 600434 80 0 2048 18 http 3 4161.591
theguardian 228 3147398 194 0 0 18 http 4 11967.894
stackoverflow 24 600434 20 0.015 512 18 http 4 3853.864
theguardian 228 3147398 194 0 2048 18 http 0 11818.5
stackoverflow 24 600434 800 0.03 512 1 http 2 73290.098
theguardian 228 3147398 194 0.03 512 6 http 3 31528.456
stackoverflow 24 600434 194 0 2048 1 http 0 8567.037
theguardian 228 3147398 800 0.03 512 6 http 3 123527.585
theguardian 228 3147398 800 0 512 18 http 1 36581.832
theguardian 228 3147398 80 0.03 0 1 http 2 57388.947
theguardian 228 3147398 80 0.015 0 6 http 2 10791.271
stackoverflow 24 600434 194 0 0 18 http 0 5381.539
theguardian 228 3147398 80 0 2048 1 http 3 21951.014
theguardian 228 3147398 20 0.015 512 1 http 4 14990.615
theguardian 228 3147398 20 0.03 0 18 http 0 8303.848
stackoverflow 24 600434 20 0.015 512 6 http 1 3409.115
theguardian 228 3147398 20 0.03 2048 18 http 1 8145.665
stackoverflow 24 600434 194 0 512 6 http 2 5377.894
stackoverflow 24 600434 20 0.03 0 6 http 2 3320.062
theguardian 228 3147398 20 0 512 6 http 3 7609.325
stackoverflow 24 600434 20 0.015 512 1 http 0 3143.934
stackoverflow 24 600434 20 0.015 0 18 http 4 3293.698
theguardian 228 3147398 80 0 2048 18 http 4 9053.406
stackoverflow 24 600434 194 0.015 512 18 http 4 7318.389
theguardian 228 3147398 800 0 2048 6 http 0 53781.657
theguardian 228 3147398 800 0.03 2048 18 http 1 78424.191
stackoverflow 24 600434 80 0 0 18 http 0 3903.792
theguardian 228 3147398 194 0.015 2048 18 http 3 18618.536
stackoverflow 24 600434 80 0.03 0 6 http 0 5504.6
theguardian 228 3147398 80 0.03 512 18 http 2 12085.473
stackoverflow 24 600434 80 0.03 2048 18 http 4 4518.703
stackoverflow 24 600434 194 0.03 512 1 http 2 21041.184
theguardian 228 3147398 80 0.03 0 1 http 4 63437.943
stackoverflow 24 600434 194 0 512 6 http 0 5958.897
stackoverflow 24 600434 800 0.03 0 6 http 1 45963.089
theguardian 228 3147398 80 0.03 0 18 http 0 11511.306
theguardian 228 3147398 80 0 0 6 http 3 9116.368
theguardian 228 3147398 800 0.03 512 1 http 2 507660.217
theguardian 228 3147398 20 0.015 0 6 http 2 8838.607
theguardian 228 3147398 80 0.03 512 1 http 0 58452.556
theguardian 228 3147398 80 0.03 2048 1 http 1 60483.12
stackoverflow 24 600434 80 0.03 512 18 http 3 6129.274
stackoverflow 24 600434 194 0.03 512 18 http 1 12343.234
stackoverflow 24 600434 20 0 512 1 http 1 2819.787
theguardian 228 3147398 20 0 512 1 http 3 8534.776
theguardian 228 3147398 20 0 512 1 http 0 10485.91
theguardian 228 3147398 194 0.015 2048 1 http 1 83280.252
theguardian 228 3147398 20 0.03 512 1 http 3 19080.795
stackoverflow 24 600434 80 0.03 2048 18 http 1 6216.948
theguardian 228 3147398 194 0.03 0 1 http 2 124003.071
theguardian 228 3147398 194 0 0 6 http 0 13369.032
theguardian 228 3147398 194 0.015 0 18 http 0 16919.39
theguardian 228 3147398 800 0.015 512 18 http 0 62080.004
stackoverflow 24 600434 80 0 512 1 http 4 3747.08
stackoverflow 24 600434 20 0.03 512 6 http 0 3195.544
theguardian 228 3147398 194 0.015 2048 6 http 4 25413.042
stackoverflow 24 600434 80 0.015 512 1 http 2 6025.746
stackoverflow 24 600434 80 0.03 0 18 http 0 4225.438
theguardian 228 3147398 800 0.015 2048 1 http 2 395629.821
stackoverflow 24 600434 800 0.03 0 18 http 1 32477.824
theguardian 228 3147398 194 0.03 0 1 http 3 128853.265
stackoverflow 24 600434 20 0.015 0 1 http 0 3283.899
stackoverflow 24 600434 800 0 0 1 http 0 36024.224
stackoverflow 24 600434 20 0.03 512 18 http 2 3528.888
theguardian 228 3147398 80 0.015 2048 18 http 3 10591.025
theguardian 228 3147398 20 0 2048 18 http 0 7604.337
stackoverflow 24 600434 80 0 0 1 http 0 3989.309
stackoverflow 24 600434 80 0.015 512 1 http 3 6685.59
theguardian 228 3147398 800 0.03 512 6 http 0 126068.123
stackoverflow 24 600434 194 0.03 2048 18 http 1 12497.295
stackoverflow 24 600434 20 0 512 6 http 2 2826.642
theguardian 228 3147398 80 0.015 0 1 http 2 39726.456
stackoverflow 24 600434 20 0 2048 1 http 2 2662.645
stackoverflow 24 600434 194 0.03 512 1 http 1 22500.884
stackoverflow 24 600434 194 0.015 2048 1 http 3 12469.724
theguardian 228 3147398 194 0.015 512 18 http 2 21202.898
stackoverflow 24 600434 80 0.015 512 18 http 1 4917.296
theguardian 228 3147398 20 0 2048 6 http 3 7672.874
theguardian 228 3147398 194 0 0 6 http 3 14465.475
stackoverflow 24 600434 800 0.015 512 18 http 3 25851.482
theguardian 228 3147398 194 0.03 512 18 http 1 23884.951
theguardian 228 3147398 194 0.015 0 6 http 3 21978.851
theguardian 228 3147398 80 0 0 6 http 1 9729.114
theguardian 228 3147398 20 0.03 2048 6 http 0 8477.625
theguardian 228 3147398 20 0 2048 6 http 0 7603.491
theguardian 228 3147398 80 0.015 0 6 http 3 12640.877
theguardian 228 3147398 194 0.015 2048 18 http 1 16727.745
stackoverflow 24 600434 194 0.03 0 18 http 1 9697.134
theguardian 228 3147398 80 0.03 2048 6 http 2 14558.213
stackoverflow 24 600434 800 0.015 512 1 http 1 58565.307
theguardian 228 3147398 800 0 0 1 http 1 213168.955
stackoverflow 24 600434 194 0.03 512 18 http 4 11884.722
stackoverflow 24 600434 194 0.015 0 1 http 0 11887.582
stackoverflow 24 600434 80 0.015 0 1 http 3 5868.983
theguardian 228 3147398 194 0.03 2048 6 http 0 34701.528
stackoverflow 24 600434 800 0.015 0 6 http 2 30496.949
stackoverflow 24 600434 800 0 512 1 http 2 35616.964
stackoverflow 24 600434 800 0.015 2048 1 http 4 55231.451
stackoverflow 24 600434 20 0.03 0 1 http 3 3809.098
theguardian 228 3147398 800 0 512 6 http 0 55667.659
stackoverflow 24 600434 80 0 512 18 http 2 4147.916
theguardian 228 3147398 194 0.03 2048 18 http 2 25339.429
theguardian 228 3147398 800 0.015 0 6 http 2 102875.281
theguardian 228 3147398 80 0.03 512 1 http 2 63457.187
theguardian 228 3147398 194 0.015 512 6 http 0 23328.268
stackoverflow 24 600434 800 0 2048 1 http 4 32895.075
stackoverflow 24 600434 194 0 0 6 http 4 5958.265
theguardian 228 3147398 20 0.015 512 18 http 2 8519.249
theguardian 228 3147398 20 0.015 0 18 http 3 8262.356
theguardian 228 3147398 800 0.03 0 6 http 2 119693.117
theguardian 228 3147398 800 0.03 512 6 http 4 114147.559
theguardian 228 3147398 80 0.015 2048 6 http 1 11437.223
theguardian 228 3147398 20 0 2048 1 http 1 9047.865
theguardian 228 3147398 80 0 0 18 http 0 8706.889
stackoverflow 24 600434 194 0.015 2048 1 http 0 15976.782
theguardian 228 3147398 800 0 0 1 http 2 213931.827
stackoverflow 24 600434 194 0 512 1 http 1 8208.803
stackoverflow 24 600434 800 0 2048 1 http 2 32868.579
stackoverflow 24 600434 20 0.03 0 6 http 4 3202.016
stackoverflow 24 600434 20 0 0 6 http 4 2824.103
stackoverflow 24 600434 194 0.015 2048 1 http 4 14620.076
stackoverflow 24 600434 80 0.03 2048 18 http 0 6333.073
stackoverflow 24 600434 80 0.03 0 1 http 2 8476.662
theguardian 228 3147398 80 0.03 512 6 http 0 14700.572
stackoverflow 24 600434 194 0.03 2048 18 http 4 13287.383
theguardian 228 3147398 194 0 2048 1 http 4 57022.421
stackoverflow 24 600434 194 0 512 18 http 1 5958.192
stackoverflow 24 600434 800 0.03 512 1 http 3 72009.215
theguardian 228 3147398 194 0 2048 6 http 2 13324.844
stackoverflow 24 600434 194 0.03 2048 18 http 2 7630.862
stackoverflow 24 600434 194 0.03 512 6 http 1 10979.995
theguardian 228 3147398 20 0.03 512 18 http 2 8939.876
stackoverflow 24 600434 80 0.015 2048 18 http 2 4305.948
theguardian 228 3147398 194 0.015 512 18 http 1 15843.567
theguardian 228 3147398 800 0.03 2048 6 http 2 122745.005
theguardian 228 3147398 800 0 0 6 http 1 51696.383
stackoverflow 24 600434 194 0.015 0 6 http 1 7626.31
stackoverflow 24 600434 194 0 512 6 http 1 5967.587
theguardian 228 3147398 194 0.03 2048 1 http 2 133349.536
theguardian 228 3147398 80 0.03 2048 1 http 2 65944.422
theguardian 228 3147398 80 0.03 512 18 http 1 14159.947
stackoverflow 24 600434 800 0 0 6 http 4 19230.759
stackoverflow 24 600434 800 0.03 0 6 http 0 35780.916
stackoverflow 24 600434 20 0.03 0 18 http 3 2986.774
theguardian 228 3147398 20 0 2048 1 http 3 8924.033
stackoverflow 24 600434 20 0.03 512 6 http 1 3765.736
stackoverflow 24 600434 20 0.015 0 6 http 4 3248.414
theguardian 228 3147398 20 0 0 18 http 1 7603.438
stackoverflow 24 600434 800 0 512 6 http 2 20828.968
theguardian 228 3147398 800 0.015 0 6 http 3 91631.264
stackoverflow 24 600434 80 0.03 0 1 http 0 10556.38
theguardian 228 3147398 800 0.03 2048 18 http 3 95113.951
stackoverflow 24 600434 194 0.015 512 6 http 1 8006.348
theguardian 228 3147398 80 0.015 512 18 http 2 10109.983
stackoverflow 24 600434 80 0.015 2048 1 http 1 7546.742
stackoverflow 24 600434 20 0.03 0 18 http 4 4239.573
theguardian 228 3147398 20 0 2048 1 http 0 20673.828
stackoverflow 24 600434 80 0 2048 1 http 2 3668.352
theguardian 228 3147398 194 0 512 1 http 2 50603.979
theguardian 228 3147398 80 0 0 1 http 3 21976.092
theguardian 228 3147398 800 0.015 512 1 http 4 367731.967
stackoverflow 24 600434 194 0 512 6 http 3 6000.294
stackoverflow 24 600434 800 0.015 512 1 http 0 65970.026
stackoverflow 24 600434 800 0.015 512 6 http 0 31948.509
theguardian 228 3147398 800 0.03 512 6 http 1 112970.672
stackoverflow 24 600434 20 0 2048 18 http 1 2887.019
theguardian 228 3147398 800 0 2048 1 http 0 206964.726
theguardian 228 3147398 194 0.03 512 1 http 4 126415.571
theguardian 228 3147398 80 0 0 1 http 0 21950.036
theguardian 228 3147398 80 0 2048 18 http 1 9155.341
stackoverflow 24 600434 80 0.015 2048 6 http 0 5394.321
stackoverflow 24 600434 800 0.015 512 1 http 3 69961.828
theguardian 228 3147398 800 0.03 0 18 http 1 69743.381
theguardian 228 3147398 20 0.03 512 18 http 1 8191.784
theguardian 228 3147398 80 0 512 18 http 4 9052.006
stackoverflow 24 600434 20 0.015 512 6 http 4 3046.169
theguardian 228 3147398 80 0.03 512 6 http 2 15180.346
stackoverflow 24 600434 20 0.03 0 18 http 2 3385.556
theguardian 228 3147398 20 0 0 1 http 4 8805.769
theguardian 228 3147398 194 0.015 0 18 http 2 20829.07
stackoverflow 24 600434 20 0.03 512 18 http 1 3409.231
theguardian 228 3147398 20 0.03 512 6 http 4 9826.514
stackoverflow 24 600434 800 0.03 2048 6 http 2 51885.322
theguardian 228 3147398 80 0.015 2048 18 http 0 11332.795
theguardian 228 3147398 20 0.015 2048 6 http 2 9154.991
theguardian 228 3147398 194 0.015 0 18 http 3 18248.818
theguardian 228 3147398 80 0.03 0 6 http 2 16642.666
theguardian 228 3147398 20 0.03 2048 6 http 1 9240.323
theguardian 228 3147398 194 0.03 512 1 http 0 140839.71
stackoverflow 24 600434 20 0.03 2048 1 http 0 3296
theguardian 228 3147398 194 0 512 1 http 0 50854.642
theguardian 228 3147398 80 0.015 2048 1 http 4 44360.757
theguardian 228 3147398 194 0 512 6 http 1 13304.483
theguardian 228 3147398 20 0.015 0 6 http 1 8204.815
stackoverflow 24 600434 800 0.03 512 18 http 2 32288.206
theguardian 228 3147398 20 0.015 0 1 http 0 16854.866
stackoverflow 24 600434 20 0.03 2048 1 http 1 3509.533
theguardian 228 3147398 80 0.03 512 6 http 1 14330.041
stackoverflow 24 600434 20 0.015 2048 6 http 1 3045.192
stackoverflow 24 600434 800 0.03 512 1 http 0 92303.61
stackoverflow 24 600434 800 0.015 512 6 http 1 27285.111
stackoverflow 24 600434 80 0.015 0 1 http 1 8745.758
theguardian 228 3147398 80 0.015 512 1 http 1 43508.58
stackoverflow 24 600434 194 0.015 2048 6 http 3 7324.878
theguardian 228 3147398 194 0.03 0 1 http 1 120384.837
stackoverflow 24 600434 20 0.03 2048 18 http 0 3025.862
theguardian 228 3147398 80 0 512 6 http 1 9807.168
stackoverflow 24 600434 800 0.03 2048 1 http 2 69243.399
theguardian 228 3147398 80 0.03 2048 18 http 1 11382.471
stackoverflow 24 600434 20 0.03 2048 18 http 3 2983.88
stackoverflow 24 600434 194 0 0 18 http 2 5957.838
theguardian 228 3147398 194 0 512 18 http 2 12175.941
stackoverflow 24 600434 20 0.015 0 1 http 1 3019.891
stackoverflow 24 600434 800 0 0 1 http 1 36899.611
stackoverflow 24 600434 800 0 2048 18 http 0 21627.347
theguardian 228 3147398 194 0.03 2048 1 http 4 134955.71
theguardian 228 3147398 194 0.015 2048 1 http 4 99452.507
stackoverflow 24 600434 194 0.03 2048 6 http 4 8922.735
theguardian 228 3147398 20 0.03 2048 1 http 0 21861.449
theguardian 228 3147398 80 0.03 512 18 http 3 13155.441
stackoverflow 24 600434 194 0.03 2048 1 http 0 22974.575
theguardian 228 3147398 20 0 2048 18 http 3 7602.089
theguardian 228 3147398 80 0 512 18 http 0 9118.774
theguardian 228 3147398 20 0.03 0 18 http 3 8296.49
stackoverflow 24 600434 194 0 512 18 http 2 5959.546
theguardian 228 3147398 800 0.015 2048 6 http 1 100056.167
stackoverflow 24 600434 80 0.03 0 6 http 1 5024.165
stackoverflow 24 600434 20 0.015 2048 18 http 3 2946.311
stackoverflow 24 600434 80 0.015 2048 1 http 4 6403.019
stackoverflow 24 600434 800 0.015 0 6 http 1 30624.018
stackoverflow 24 600434 800 0.015 512 18 http 1 29058.747
stackoverflow 24 600434 194 0.015 0 18 http 4 6790.197
theguardian 228 3147398 194 0.015 512 18 http 0 17353.98
stackoverflow 24 600434 80 0 0 6 http 4 3983.793
theguardian 228 3147398 20 0 0 6 http 2 7654.695
stackoverflow 24 600434 800 0.03 2048 18 http 3 31064.337
theguardian 228 3147398 20 0.015 0 18 http 4 7762.575
stackoverflow 24 600434 194 0 2048 1 http 3 8323.847
theguardian 228 3147398 20 0.03 512 1 http 2 20116.782
stackoverflow 24 600434 80 0.015 2048 18 http 4 4865.082
theguardian 228 3147398 800 0.015 512 6 http 3 93924.081
theguardian 228 3147398 800 0.015 2048 18 http 0 57018.079
theguardian 228 3147398 80 0.015 0 1 http 3 44588.006
theguardian 228 3147398 800 0.015 512 1 http 1 390319.755
stackoverflow 24 600434 800 0 2048 6 http 2 20029.901
stackoverflow 24 600434 194 0 2048 1 http 4 8550.67
stackoverflow 24 600434 194 0 0 1 http 4 9104.471
stackoverflow 24 600434 800 0.03 2048 18 http 4 32687.672
stackoverflow 24 600434 800 0.015 2048 6 http 1 31458.488
theguardian 228 3147398 20 0 0 1 http 2 9942.572
theguardian 228 3147398 194 0.03 0 6 http 2 29024.933
theguardian 228 3147398 800 0.015 512 6 http 2 93221.674
theguardian 228 3147398 800 0.03 2048 6 http 4 111135.856
stackoverflow 24 600434 20 0.03 0 1 http 0 3741.173
theguardian 228 3147398 800 0.03 512 18 http 3 65672.802
theguardian 228 3147398 800 0 512 18 http 2 38559.563
theguardian 228 3147398 194 0 0 18 http 1 11761.664
stackoverflow 24 600434 800 0.015 512 6 http 3 33359.859
theguardian 228 3147398 20 0.03 2048 18 http 0 8863.95
stackoverflow 24 600434 800 0.03 0 18 http 2 40290.957
theguardian 228 3147398 800 0 0 1 http 0 215715.09
stackoverflow 24 600434 194 0 2048 18 http 1 5959.11
theguardian 228 3147398 194 0.03 0 1 http 0 143843.813
stackoverflow 24 600434 20 0.015 0 1 http 2 3185.648
stackoverflow 24 600434 194 0.015 0 6 http 4 7704.345
theguardian 228 3147398 800 0.015 0 18 http 3 60779.751
stackoverflow 24 600434 80 0 512 6 http 2 3906.131
stackoverflow 24 600434 80 0.03 2048 1 http 0 7935.219
theguardian 228 3147398 20 0 0 18 http 0 7602.618
stackoverflow 24 600434 194 0.03 2048 1 http 4 16342.476
theguardian 228 3147398 194 0.03 2048 1 http 0 114174.313
theguardian 228 3147398 800 0 512 1 http 2 212493.673
stackoverflow 24 600434 194 0 0 6 http 0 5975.256
theguardian 228 3147398 20 0 0 18 http 3 7599.786
stackoverflow 24 600434 800 0.015 512 18 http 4 24027.626
stackoverflow 24 600434 80 0.015 0 18 http 1 5265.275
theguardian 228 3147398 194 0 512 6 http 2 13238.973
theguardian 228 3147398 80 0.015 0 1 http 1 49255.708
theguardian 228 3147398 20 0.015 2048 18 http 3 8441.66
stackoverflow 24 600434 80 0.03 2048 18 http 2 5105.405
stackoverflow 24 600434 800 0.03 0 18 http 4 36473.274
theguardian 228 3147398 80 0 0 6 http 4 9612.022
theguardian 228 3147398 800 0.015 0 1 http 4 403535.391
stackoverflow 24 600434 80 0 0 1 http 3 3987.933
stackoverflow 24 600434 20 0.015 512 18 http 2 3254.031
stackoverflow 24 600434 20 0.03 512 18 http 3 3708.648
theguardian 228 3147398 80 0.03 2048 6 http 3 16821.598
stackoverflow 24 600434 80 0.03 0 6 http 2 5104.534
stackoverflow 24 600434 80 0 512 6 http 3 3909.459
stackoverflow 24 600434 194 0 0 6 http 2 5958.032
theguardian 228 3147398 800 0.015 2048 18 http 4 49788.535
theguardian 228 3147398 80 0.03 2048 1 http 3 59512.825
theguardian 228 3147398 80 0.03 0 1 http 0 61472.773
theguardian 228 3147398 800 0.015 0 18 http 1 63495.71
theguardian 228 3147398 800 0 512 1 http 1 221458.57
theguardian 228 3147398 20 0.015 512 6 http 2 8237.171
stackoverflow 24 600434 194 0.015 512 6 http 0 7298.613
theguardian 228 3147398 800 0.03 512 18 http 0 79743.762
stackoverflow 24 600434 80 0.015 2048 1 http 2 6859.823
stackoverflow 24 600434 800 0.015 2048 18 http 2 30880.704
stackoverflow 24 600434 194 0 512 6 http 4 5960.19
stackoverflow 24 600434 80 0.03 512 1 http 0 8151.862
stackoverflow 24 600434 80 0.015 2048 6 http 1 4626.139
theguardian 228 3147398 800 0.015 512 18 http 1 52091.758
theguardian 228 3147398 194 0 0 1 http 4 50451.919
stackoverflow 24 600434 80 0.03 0 1 http 1 10371.915
theguardian 228 3147398 800 0.015 512 18 http 3 75390.421
theguardian 228 3147398 194 0.03 512 18 http 3 24790.819
theguardian 228 3147398 194 0.03 2048 18 http 4 24469.072
stackoverflow 24 600434 80 0 2048 1 http 0 3666.93
theguardian 228 3147398 194 0.03 2048 18 http 0 25114.928
theguardian 228 3147398 20 0 0 1 http 0 9863.691
theguardian 228 3147398 800 0.03 2048 6 http 0 123182.426
stackoverflow 24 600434 800 0 512 6 http 3 20029.127
theguardian 228 3147398 20 0.015 512 6 http 0 8271.965
theguardian 228 3147398 80 0.015 2048 18 http 2 10305.372
stackoverflow 24 600434 800 0 512 6 http 0 19227.966
theguardian 228 3147398 194 0.015 512 1 http 1 94029.386
stackoverflow 24 600434 800 0.03 2048 18 http 0 30081.286
stackoverflow 24 600434 800 0.03 0 18 http 3 41316.699
stackoverflow 24 600434 80 0.015 0 6 http 4 4744.905
stackoverflow 24 600434 80 0 512 18 http 3 3905.897
stackoverflow 24 600434 20 0 512 1 http 0 2752.395
theguardian 228 3147398 80 0.015 512 18 http 0 11218.13
theguardian 228 3147398 20 0.03 2048 1 http 2 25576.676
stackoverflow 24 600434 800 0 512 18 http 2 20029.505
theguardian 228 3147398 80 0 0 1 http 4 22065.478
theguardian 228 3147398 800 0.015 0 6 http 0 80898.443
stackoverflow 24 600434 20 0 2048 6 http 2 2844.617
theguardian 228 3147398 20 0.015 512 1 http 2 15703.874
stackoverflow 24 600434 800 0.03 0 1 http 4 74918.12
stackoverflow 24 600434 20 0.03 0 18 http 0 3203.874
theguardian 228 3147398 80 0 0 6 http 0 9526.331
theguardian 228 3147398 194 0 2048 1 http 2 50229.754
theguardian 228 3147398 800 0.03 0 18 http 2 75073.214
theguardian 228 3147398 194 0.03 512 1 http 2 139014.919
theguardian 228 3147398 194 0.03 2048 18 http 1 22991.455
stackoverflow 24 600434 80 0.015 512 18 http 4 4507.617
stackoverflow 24 600434 80 0.015 0 1 http 0 6036.927
stackoverflow 24 600434 80 0.03 2048 1 http 1 10348.671
theguardian 228 3147398 20 0.03 2048 1 http 1 17957.14
theguardian 228 3147398 800 0.03 0 6 http 4 109265.486
stackoverflow 24 600434 194 0.03 0 1 http 2 20702.472
stackoverflow 24 600434 194 0 0 1 http 0 8751.722
theguardian 228 3147398 80 0 512 18 http 3 8915.487
stackoverflow 24 600434 194 0.015 0 1 http 2 11443.789
stackoverflow 24 600434 800 0 2048 1 http 3 32829.875
stackoverflow 24 600434 80 0 512 1 http 3 3748.068
theguardian 228 3147398 194 0 0 18 http 3 12247.26
stackoverflow 24 600434 800 0 0 6 http 0 19260.419
stackoverflow 24 600434 800 0.03 0 6 http 2 36027.552
stackoverflow 24 600434 194 0.015 0 18 http 2 7705.657
theguardian 228 3147398 800 0.015 2048 18 http 2 60818.382
stackoverflow 24 600434 194 0.015 2048 18 http 3 8922.63
stackoverflow 24 600434 800 0.03 2048 6 http 1 50893.017
theguardian 228 3147398 194 0 512 18 http 3 12474.421
