stackoverflow 24 600434 20 0 512 1 phttpget 2 483.651
go 55 1877076 80 0 0 1 phttpget 2 3083.458
go 55 1877076 194 0.03 0 1 phttpget 0 31171.088
theguardian 228 3147398 20 0 512 1 phttpget 2 1044.109
theguardian 228 3147398 20 0 2048 1 phttpget 0 1121.073
theguardian 228 3147398 20 0.015 0 1 phttpget 0 3940.85
go 55 1877076 80 0.03 2048 1 phttpget 4 15299.946
theguardian 228 3147398 20 0.03 2048 1 phttpget 1 7261.398
stackoverflow 24 600434 194 0.03 2048 1 phttpget 2 12739.225
stackoverflow 24 600434 20 0.03 2048 1 phttpget 3 1191.22
theguardian 228 3147398 194 0 0 1 phttpget 0 8827.32
stackoverflow 24 600434 194 0.03 2048 1 phttpget 0 14314.398
go 55 1877076 80 0 2048 1 phttpget 2 3090.167
stackoverflow 24 600434 20 0.03 0 1 phttpget 4 2029.917
go 55 1877076 80 0.015 2048 1 phttpget 0 12582.557
stackoverflow 24 600434 20 0.015 0 1 phttpget 4 796.631
go 55 1877076 80 0.015 2048 1 phttpget 2 10620.263
theguardian 228 3147398 194 0.015 2048 1 phttpget 2 42512.326
stackoverflow 24 600434 194 0.015 0 1 phttpget 2 6412.58
theguardian 228 3147398 80 0 512 1 phttpget 2 3520.092
go 55 1877076 194 0.03 2048 1 phttpget 2 36611.745
go 55 1877076 20 0.03 0 1 phttpget 4 3448.592
stackoverflow 24 600434 194 0.03 512 1 phttpget 2 15183.404
go 55 1877076 20 0.03 512 1 phttpget 1 3187.123
theguardian 228 3147398 194 0 512 1 phttpget 3 9204.523
stackoverflow 24 600434 20 0.015 512 1 phttpget 2 3675.279
go 55 1877076 80 0 512 1 phttpget 1 3108.545
go 55 1877076 194 0.03 2048 1 phttpget 0 35888.862
theguardian 228 3147398 80 0.015 512 1 phttpget 1 20177.647
theguardian 228 3147398 194 0.015 0 1 phttpget 2 44099.848
theguardian 228 3147398 194 0.015 512 1 phttpget 1 44465.977
theguardian 228 3147398 20 0.015 512 1 phttpget 1 4098.718
stackoverflow 24 600434 80 0 2048 1 phttpget 1 1445.579
theguardian 228 3147398 194 0.015 0 1 phttpget 0 43811.961
go 55 1877076 20 0.03 512 1 phttpget 0 3330.051
go 55 1877076 194 0 512 1 phttpget 3 6956.901
go 55 1877076 80 0.03 2048 1 phttpget 1 16703.916
theguardian 228 3147398 20 0.015 0 1 phttpget 1 4436.928
go 55 1877076 194 0.015 0 1 phttpget 0 31351.698
theguardian 228 3147398 194 0.015 2048 1 phttpget 1 40605.95
stackoverflow 24 600434 194 0.03 512 1 phttpget 0 10277.609
theguardian 228 3147398 80 0.03 512 1 phttpget 4 21615.529
theguardian 228 3147398 80 0.03 0 1 phttpget 3 26576.855
theguardian 228 3147398 194 0.03 512 1 phttpget 2 51699.707
theguardian 228 3147398 194 0.03 0 1 phttpget 2 48771.671
stackoverflow 24 600434 20 0 2048 1 phttpget 4 500.053
stackoverflow 24 600434 194 0.03 0 1 phttpget 2 9694.039
go 55 1877076 80 0.015 512 1 phttpget 4 10108.041
theguardian 228 3147398 20 0 2048 1 phttpget 2 1036.422
theguardian 228 3147398 194 0.015 512 1 phttpget 0 40759.869
stackoverflow 24 600434 20 0.015 0 1 phttpget 3 795.954
go 55 1877076 80 0.015 2048 1 phttpget 1 10081.454
go 55 1877076 194 0 0 1 phttpget 4 7328.078
go 55 1877076 20 0 512 1 phttpget 3 785.1
stackoverflow 24 600434 194 0 0 1 phttpget 4 3860.791
stackoverflow 24 600434 194 0 2048 1 phttpget 0 4489.388
theguardian 228 3147398 20 0.015 0 1 phttpget 4 4513.569
theguardian 228 3147398 20 0.015 0 1 phttpget 2 4227.265
theguardian 228 3147398 194 0.03 512 1 phttpget 0 58432.463
go 55 1877076 20 0.015 512 1 phttpget 0 2130.208
theguardian 228 3147398 20 0 512 1 phttpget 4 1051.206
theguardian 228 3147398 80 0 2048 1 phttpget 0 3814.173
theguardian 228 3147398 80 0 512 1 phttpget 1 3566.324
stackoverflow 24 600434 194 0.015 512 1 phttpget 4 7362.603
theguardian 228 3147398 80 0.03 0 1 phttpget 0 24007.95
go 55 1877076 80 0 0 1 phttpget 4 3108.621
stackoverflow 24 600434 20 0.03 2048 1 phttpget 0 2215.968
go 55 1877076 20 0.015 2048 1 phttpget 1 2609.856
theguardian 228 3147398 20 0.015 2048 1 phttpget 1 4304.424
go 55 1877076 20 0.015 0 1 phttpget 0 4021.751
theguardian 228 3147398 80 0.03 0 1 phttpget 2 24076.423
theguardian 228 3147398 20 0 2048 1 phttpget 4 984.767
stackoverflow 24 600434 20 0.03 0 1 phttpget 0 3180.142
go 55 1877076 194 0.015 0 1 phttpget 3 22450.802
stackoverflow 24 600434 80 0.015 0 1 phttpget 2 4230.649
theguardian 228 3147398 80 0 512 1 phttpget 0 3326.478
go 55 1877076 194 0.03 2048 1 phttpget 3 39707.336
stackoverflow 24 600434 20 0.015 512 1 phttpget 4 815.706
stackoverflow 24 600434 80 0 0 1 phttpget 1 1768.377
theguardian 228 3147398 80 0.03 2048 1 phttpget 3 24531.713
go 55 1877076 194 0.015 512 1 phttpget 4 25546.462
stackoverflow 24 600434 80 0 2048 1 phttpget 3 1839.864
go 55 1877076 20 0.03 2048 1 phttpget 2 4821.713
go 55 1877076 20 0 2048 1 phttpget 2 728.363
stackoverflow 24 600434 80 0.03 2048 1 phttpget 1 5670.981
stackoverflow 24 600434 80 0.03 512 1 phttpget 2 3911.576
theguardian 228 3147398 194 0 512 1 phttpget 1 8824.521
theguardian 228 3147398 80 0 0 1 phttpget 0 3794.89
theguardian 228 3147398 194 0.015 512 1 phttpget 3 40867.166
go 55 1877076 194 0 2048 1 phttpget 2 7744.455
stackoverflow 24 600434 194 0.015 2048 1 phttpget 0 6391.178
stackoverflow 24 600434 80 0.03 2048 1 phttpget 0 5714.666
go 55 1877076 20 0.015 512 1 phttpget 3 2373.729
go 55 1877076 194 0 0 1 phttpget 1 7177.572
stackoverflow 24 600434 80 0.015 2048 1 phttpget 3 3069.065
stackoverflow 24 600434 20 0.03 512 1 phttpget 4 902.005
go 55 1877076 194 0.03 2048 1 phttpget 4 34089.438
theguardian 228 3147398 80 0.015 512 1 phttpget 0 18293.161
stackoverflow 24 600434 194 0.03 2048 1 phttpget 4 13379.838
theguardian 228 3147398 20 0 0 1 phttpget 4 998.058
theguardian 228 3147398 194 0.03 0 1 phttpget 4 61914.805
theguardian 228 3147398 20 0.03 0 1 phttpget 0 5125.225
stackoverflow 24 600434 194 0 0 1 phttpget 0 4074.197
theguardian 228 3147398 194 0.015 2048 1 phttpget 3 44473.505
go 55 1877076 194 0.015 512 1 phttpget 3 28265.887
go 55 1877076 20 0.015 0 1 phttpget 4 2291.64
go 55 1877076 194 0 0 1 phttpget 2 8538.047
go 55 1877076 194 0 2048 1 phttpget 1 7743.081
stackoverflow 24 600434 20 0 0 1 phttpget 3 460.739
theguardian 228 3147398 80 0 0 1 phttpget 1 3832.673
theguardian 228 3147398 194 0.03 0 1 phttpget 0 55374.6
go 55 1877076 80 0 0 1 phttpget 0 3259.023
go 55 1877076 194 0.015 2048 1 phttpget 0 31184.116
stackoverflow 24 600434 194 0.015 0 1 phttpget 4 11639.031
stackoverflow 24 600434 20 0 0 1 phttpget 2 484.28
stackoverflow 24 600434 194 0.015 2048 1 phttpget 4 11441.222
stackoverflow 24 600434 80 0.03 2048 1 phttpget 3 4980.369
stackoverflow 24 600434 194 0.03 512 1 phttpget 3 12154.243
go 55 1877076 194 0.015 0 1 phttpget 2 28080.128
go 55 1877076 194 0.03 2048 1 phttpget 1 34881.917
theguardian 228 3147398 194 0 2048 1 phttpget 2 9375.622
theguardian 228 3147398 80 0.015 0 1 phttpget 1 20099.934
theguardian 228 3147398 20 0.015 2048 1 phttpget 2 4588.51
stackoverflow 24 600434 80 0.03 0 1 phttpget 2 5910.921
stackoverflow 24 600434 194 0 0 1 phttpget 3 4083.514
go 55 1877076 20 0 0 1 phttpget 1 806.749
go 55 1877076 194 0.015 512 1 phttpget 1 27122.135
go 55 1877076 20 0 512 1 phttpget 0 824.247
go 55 1877076 20 0.03 0 1 phttpget 1 4970.52
theguardian 228 3147398 194 0 2048 1 phttpget 1 8813.462
go 55 1877076 20 0 2048 1 phttpget 3 794.946
go 55 1877076 194 0 2048 1 phttpget 0 6374.596
stackoverflow 24 600434 80 0.03 0 1 phttpget 3 5752.348
go 55 1877076 194 0 0 1 phttpget 0 5993.055
stackoverflow 24 600434 80 0.015 512 1 phttpget 1 4683.214
theguardian 228 3147398 20 0 0 1 phttpget 3 1066.198
go 55 1877076 80 0.03 512 1 phttpget 1 15616.756
stackoverflow 24 600434 194 0 0 1 phttpget 1 4075.432
go 55 1877076 80 0.015 0 1 phttpget 1 11360.822
go 55 1877076 20 0 0 1 phttpget 0 806.078
stackoverflow 24 600434 20 0 2048 1 phttpget 2 449.504
theguardian 228 3147398 194 0 0 1 phttpget 3 8622.4
theguardian 228 3147398 194 0.03 2048 1 phttpget 1 63022.515
go 55 1877076 80 0 512 1 phttpget 0 3188.82
stackoverflow 24 600434 194 0.015 2048 1 phttpget 1 9499.332
go 55 1877076 194 0.03 0 1 phttpget 2 32406.522
stackoverflow 24 600434 20 0.03 0 1 phttpget 1 992.269
go 55 1877076 20 0.015 0 1 phttpget 1 3650.539
theguardian 228 3147398 194 0 0 1 phttpget 4 8213.99
stackoverflow 24 600434 194 0.03 0 1 phttpget 3 11848.423
go 55 1877076 80 0.03 512 1 phttpget 0 15293.761
go 55 1877076 80 0 0 1 phttpget 1 3488.72
theguardian 228 3147398 194 0 2048 1 phttpget 4 8977.922
stackoverflow 24 600434 20 0.03 2048 1 phttpget 1 990.579
stackoverflow 24 600434 20 0.03 512 1 phttpget 0 6969.948
theguardian 228 3147398 194 0.015 512 1 phttpget 2 41732.528
theguardian 228 3147398 20 0.015 2048 1 phttpget 3 5423.038
go 55 1877076 194 0 0 1 phttpget 3 7147.263
go 55 1877076 20 0.015 0 1 phttpget 2 3993.588
theguardian 228 3147398 80 0 2048 1 phttpget 4 3588.142
stackoverflow 24 600434 80 0.015 2048 1 phttpget 0 2480.384
stackoverflow 24 600434 20 0.015 512 1 phttpget 1 3259.958
theguardian 228 3147398 20 0.03 0 1 phttpget 3 6313.311
theguardian 228 3147398 80 0 2048 1 phttpget 1 3616.884
stackoverflow 24 600434 20 0.015 2048 1 phttpget 0 617.562
go 55 1877076 20 0.03 512 1 phttpget 4 3269.111
stackoverflow 24 600434 80 0.03 512 1 phttpget 3 4152.296
theguardian 228 3147398 20 0.03 2048 1 phttpget 3 5685.998
theguardian 228 3147398 194 0 2048 1 phttpget 3 8657.788
stackoverflow 24 600434 80 0 0 1 phttpget 0 1684.547
stackoverflow 24 600434 20 0.015 2048 1 phttpget 4 933.153
go 55 1877076 20 0 2048 1 phttpget 4 705.005
theguardian 228 3147398 20 0.03 512 1 phttpget 1 7861.823
theguardian 228 3147398 194 0.015 0 1 phttpget 4 39211.631
go 55 1877076 194 0.03 512 1 phttpget 3 40341.31
stackoverflow 24 600434 194 0.03 0 1 phttpget 0 12740.832
stackoverflow 24 600434 20 0.015 2048 1 phttpget 1 1174.541
theguardian 228 3147398 194 0.015 0 1 phttpget 1 38872.451
theguardian 228 3147398 194 0.015 2048 1 phttpget 4 33022.523
go 55 1877076 20 0 512 1 phttpget 1 798.451
go 55 1877076 80 0.015 512 1 phttpget 3 15023.855
go 55 1877076 80 0 2048 1 phttpget 4 2701.825
go 55 1877076 20 0.03 2048 1 phttpget 4 6487.464
go 55 1877076 194 0.015 2048 1 phttpget 2 33127.701
stackoverflow 24 600434 20 0.015 0 1 phttpget 2 1792.226
theguardian 228 3147398 194 0.03 2048 1 phttpget 0 58419.796
stackoverflow 24 600434 80 0.015 512 1 phttpget 2 3834.079
go 55 1877076 20 0.015 2048 1 phttpget 4 2158.805
theguardian 228 3147398 20 0.015 512 1 phttpget 2 4446.682
theguardian 228 3147398 80 0.015 512 1 phttpget 2 23138.105
stackoverflow 24 600434 80 0.03 0 1 phttpget 0 4149.88
stackoverflow 24 600434 80 0.015 512 1 phttpget 3 3124.955
go 55 1877076 80 0 512 1 phttpget 4 3022.71
stackoverflow 24 600434 194 0 512 1 phttpget 2 4083.169
go 55 1877076 194 0.03 512 1 phttpget 1 41976.534
theguardian 228 3147398 194 0.015 2048 1 phttpget 0 42321.396
theguardian 228 3147398 20 0.015 512 1 phttpget 4 3958.57
stackoverflow 24 600434 80 0 0 1 phttpget 4 1922.394
go 55 1877076 20 0.03 2048 1 phttpget 0 3726.77
theguardian 228 3147398 80 0.015 2048 1 phttpget 2 21124.063
go 55 1877076 20 0.03 0 1 phttpget 2 4323.86
stackoverflow 24 600434 194 0 2048 1 phttpget 2 4656.169
stackoverflow 24 600434 194 0.015 512 1 phttpget 2 12179.716
stackoverflow 24 600434 194 0.015 512 1 phttpget 0 6914.874
theguardian 228 3147398 80 0 2048 1 phttpget 3 3605.857
theguardian 228 3147398 194 0.03 512 1 phttpget 4 54087.674
go 55 1877076 194 0.03 512 1 phttpget 4 37594.823
go 55 1877076 80 0 0 1 phttpget 3 3241.154
theguardian 228 3147398 194 0.03 512 1 phttpget 1 54640.894
stackoverflow 24 600434 194 0.03 2048 1 phttpget 3 8720.481
stackoverflow 24 600434 80 0.015 0 1 phttpget 0 4952.624
stackoverflow 24 600434 80 0 512 1 phttpget 4 1922.743
stackoverflow 24 600434 194 0 512 1 phttpget 0 3498.612
theguardian 228 3147398 20 0.03 512 1 phttpget 2 5717.799
stackoverflow 24 600434 194 0 2048 1 phttpget 1 4664.207
theguardian 228 3147398 20 0 2048 1 phttpget 1 962.784
theguardian 228 3147398 20 0.03 2048 1 phttpget 2 7334.331
stackoverflow 24 600434 20 0.03 2048 1 phttpget 2 1134.581
stackoverflow 24 600434 20 0.015 512 1 phttpget 0 2303.967
theguardian 228 3147398 20 0 2048 1 phttpget 3 1032.163
stackoverflow 24 600434 80 0 512 1 phttpget 2 1923.638
go 55 1877076 20 0.015 512 1 phttpget 4 2785.639
theguardian 228 3147398 20 0.03 0 1 phttpget 4 5603.429
stackoverflow 24 600434 80 0.03 512 1 phttpget 1 5943.808
theguardian 228 3147398 80 0.015 2048 1 phttpget 3 14830.526
go 55 1877076 20 0.015 512 1 phttpget 2 3445.965
stackoverflow 24 600434 194 0.03 2048 1 phttpget 1 11047.745
stackoverflow 24 600434 80 0.015 0 1 phttpget 3 3273.646
theguardian 228 3147398 80 0.015 0 1 phttpget 2 16016.631
theguardian 228 3147398 20 0 0 1 phttpget 1 1069.858
stackoverflow 24 600434 194 0.03 0 1 phttpget 1 12373.228
theguardian 228 3147398 80 0.015 0 1 phttpget 0 17078.531
theguardian 228 3147398 20 0.03 512 1 phttpget 3 5397.905
stackoverflow 24 600434 194 0.03 512 1 phttpget 4 9502.769
go 55 1877076 194 0 512 1 phttpget 1 7558.237
theguardian 228 3147398 80 0.015 2048 1 phttpget 0 18139.23
go 55 1877076 80 0.015 0 1 phttpget 4 10499.995
theguardian 228 3147398 20 0.015 512 1 phttpget 3 4739.391
go 55 1877076 80 0.03 0 1 phttpget 0 15571.112
theguardian 228 3147398 194 0.03 2048 1 phttpget 2 57062.471
theguardian 228 3147398 80 0.03 2048 1 phttpget 2 25225.807
theguardian 228 3147398 80 0.015 0 1 phttpget 4 16659.961
theguardian 228 3147398 20 0.015 512 1 phttpget 0 4143.282
theguardian 228 3147398 80 0.03 0 1 phttpget 4 24630.422
go 55 1877076 80 0 512 1 phttpget 2 3176.08
theguardian 228 3147398 20 0.03 2048 1 phttpget 4 7376.197
theguardian 228 3147398 194 0 0 1 phttpget 1 8969.538
stackoverflow 24 600434 80 0 512 1 phttpget 3 1848.569
stackoverflow 24 600434 20 0 2048 1 phttpget 1 481.152
stackoverflow 24 600434 80 0.03 0 1 phttpget 4 5374.195
stackoverflow 24 600434 20 0 0 1 phttpget 0 462.701
theguardian 228 3147398 194 0.015 0 1 phttpget 3 35232.422
stackoverflow 24 600434 194 0 512 1 phttpget 3 4085.223
theguardian 228 3147398 20 0 512 1 phttpget 0 1052.71
theguardian 228 3147398 194 0 2048 1 phttpget 0 18246.249
stackoverflow 24 600434 80 0.015 0 1 phttpget 1 3831.117
stackoverflow 24 600434 194 0 512 1 phttpget 1 4074.581
stackoverflow 24 600434 20 0 512 1 phttpget 4 403.312
theguardian 228 3147398 80 0.015 2048 1 phttpget 1 15146.193
go 55 1877076 80 0.03 2048 1 phttpget 3 16468.856
stackoverflow 24 600434 80 0.015 2048 1 phttpget 4 2179.857
stackoverflow 24 600434 20 0 2048 1 phttpget 0 463.786
go 55 1877076 194 0 512 1 phttpget 2 8146.077
go 55 1877076 20 0.03 2048 1 phttpget 3 3671.587
go 55 1877076 80 0.015 2048 1 phttpget 4 10336.505
stackoverflow 24 600434 20 0.03 512 1 phttpget 1 4994.374
go 55 1877076 194 0.015 512 1 phttpget 2 30797.99
stackoverflow 24 600434 194 0.015 2048 1 phttpget 2 9062.933
stackoverflow 24 600434 80 0.03 2048 1 phttpget 2 4635.2
stackoverflow 24 600434 194 0 2048 1 phttpget 4 4277.864
go 55 1877076 80 0.03 512 1 phttpget 3 17509.823
theguardian 228 3147398 20 0 0 1 phttpget 0 2316.713
go 55 1877076 20 0 512 1 phttpget 4 829.974
go 55 1877076 194 0.03 0 1 phttpget 4 35706.849
theguardian 228 3147398 80 0.03 2048 1 phttpget 4 22988.825
stackoverflow 24 600434 20 0 0 1 phttpget 4 463.055
go 55 1877076 20 0 0 1 phttpget 4 810.822
stackoverflow 24 600434 80 0.03 0 1 phttpget 1 5592.533
stackoverflow 24 600434 20 0.03 512 1 phttpget 3 2374.189
go 55 1877076 20 0.03 0 1 phttpget 3 4124.126
go 55 1877076 80 0.03 512 1 phttpget 4 14186.601
go 55 1877076 194 0.015 2048 1 phttpget 3 27995.076
stackoverflow 24 600434 194 0 2048 1 phttpget 3 4471.674
stackoverflow 24 600434 80 0 512 1 phttpget 1 1923.683
theguardian 228 3147398 194 0 512 1 phttpget 0 17493.578
go 55 1877076 80 0.015 0 1 phttpget 3 11225.009
stackoverflow 24 600434 20 0 2048 1 phttpget 3 460.859
theguardian 228 3147398 20 0.015 2048 1 phttpget 0 4336.933
theguardian 228 3147398 20 0.015 0 1 phttpget 3 4874.673
theguardian 228 3147398 194 0.03 0 1 phttpget 3 61514.462
theguardian 228 3147398 194 0 0 1 phttpget 2 9022.539
theguardian 228 3147398 194 0.03 512 1 phttpget 3 59918.577
stackoverflow 24 600434 194 0.03 512 1 phttpget 1 8335.559
stackoverflow 24 600434 20 0.015 0 1 phttpget 0 769.794
theguardian 228 3147398 80 0.03 2048 1 phttpget 0 21023.286
go 55 1877076 20 0.03 2048 1 phttpget 1 3469.276
stackoverflow 24 600434 194 0.015 0 1 phttpget 0 10243.656
stackoverflow 24 600434 194 0 0 1 phttpget 2 4677.353
theguardian 228 3147398 194 0.03 2048 1 phttpget 4 51588.972
go 55 1877076 194 0 512 1 phttpget 0 7549.412
go 55 1877076 80 0.015 512 1 phttpget 1 10660.318
theguardian 228 3147398 194 0 512 1 phttpget 4 8793.328
stackoverflow 24 600434 194 0.03 0 1 phttpget 4 14687.211
go 55 1877076 20 0.015 512 1 phttpget 1 2678.815
theguardian 228 3147398 20 0.03 0 1 phttpget 2 4665.324
stackoverflow 24 600434 194 0.015 0 1 phttpget 1 12149.323
go 55 1877076 194 0.015 0 1 phttpget 4 29376.415
theguardian 228 3147398 80 0.03 512 1 phttpget 2 26735.676
theguardian 228 3147398 20 0.03 512 1 phttpget 0 6162.903
stackoverflow 24 600434 20 0.015 2048 1 phttpget 3 1351.065
theguardian 228 3147398 80 0.015 0 1 phttpget 3 18688.427
stackoverflow 24 600434 80 0.015 2048 1 phttpget 2 2397.141
go 55 1877076 80 0.015 0 1 phttpget 2 8978.543
stackoverflow 24 600434 80 0.015 2048 1 phttpget 1 5090.8
go 55 1877076 80 0.03 512 1 phttpget 2 15133.923
stackoverflow 24 600434 194 0.015 512 1 phttpget 1 12801.287
theguardian 228 3147398 80 0 512 1 phttpget 3 3752.404
theguardian 228 3147398 194 0.03 0 1 phttpget 1 55128.062
stackoverflow 24 600434 20 0.03 2048 1 phttpget 4 2171.217
go 55 1877076 80 0.03 0 1 phttpget 1 19847.564
stackoverflow 24 600434 20 0 512 1 phttpget 1 481.666
stackoverflow 24 600434 80 0 2048 1 phttpget 0 1835.643
theguardian 228 3147398 20 0 512 1 phttpget 3 1116.587
go 55 1877076 194 0.03 0 1 phttpget 1 42800.194
go 55 1877076 194 0.015 0 1 phttpget 1 28595.023
go 55 1877076 20 0.015 2048 1 phttpget 2 2872.047
go 55 1877076 194 0.03 512 1 phttpget 2 33498.341
go 55 1877076 80 0.03 0 1 phttpget 2 15373.488
go 55 1877076 80 0.03 0 1 phttpget 3 18157.461
stackoverflow 24 600434 20 0.015 512 1 phttpget 3 1055.322
go 55 1877076 80 0 2048 1 phttpget 3 3239.572
stackoverflow 24 600434 80 0 0 1 phttpget 2 1923.873
go 55 1877076 20 0.015 2048 1 phttpget 3 1942.87
stackoverflow 24 600434 20 0.015 2048 1 phttpget 2 1097.875
stackoverflow 24 600434 20 0.03 0 1 phttpget 3 1131.886
go 55 1877076 80 0.015 512 1 phttpget 0 9320.235
go 55 1877076 20 0.03 512 1 phttpget 3 5116.563
stackoverflow 24 600434 80 0.015 0 1 phttpget 4 3830.79
theguardian 228 3147398 80 0 2048 1 phttpget 2 3750.906
stackoverflow 24 600434 80 0 0 1 phttpget 3 1604.182
go 55 1877076 80 0.015 0 1 phttpget 0 12250.885
go 55 1877076 20 0.03 0 1 phttpget 0 4994.559
theguardian 228 3147398 80 0.03 512 1 phttpget 1 25062.449
theguardian 228 3147398 80 0.03 0 1 phttpget 1 21217.056
go 55 1877076 20 0 512 1 phttpget 2 879.872
stackoverflow 24 600434 194 0 512 1 phttpget 4 4468.171
stackoverflow 24 600434 20 0.03 512 1 phttpget 2 2994.714
stackoverflow 24 600434 80 0 2048 1 phttpget 4 1607.788
go 55 1877076 194 0 2048 1 phttpget 3 7177.389
stackoverflow 24 600434 194 0.015 512 1 phttpget 3 8531.816
go 55 1877076 194 0.03 512 1 phttpget 0 33467.653
go 55 1877076 80 0.03 2048 1 phttpget 2 14382.993
go 55 1877076 80 0.015 512 1 phttpget 2 10993.422
theguardian 228 3147398 80 0 0 1 phttpget 2 3863.175
theguardian 228 3147398 20 0.03 2048 1 phttpget 0 8524.409
go 55 1877076 20 0 2048 1 phttpget 1 820.523
theguardian 228 3147398 80 0 0 1 phttpget 4 3846.288
theguardian 228 3147398 20 0 512 1 phttpget 1 1034.445
stackoverflow 24 600434 20 0 0 1 phttpget 1 462.4
stackoverflow 24 600434 194 0.015 0 1 phttpget 3 8534.372
stackoverflow 24 600434 80 0.015 512 1 phttpget 0 4630.325
theguardian 228 3147398 20 0.03 512 1 phttpget 4 5558.021
go 55 1877076 80 0 2048 1 phttpget 0 2595.061
go 55 1877076 20 0.015 2048 1 phttpget 0 4664.53
go 55 1877076 194 0 2048 1 phttpget 4 6962.08
stackoverflow 24 600434 80 0 2048 1 phttpget 2 1923.013
theguardian 228 3147398 20 0 0 1 phttpget 2 1007.278
stackoverflow 24 600434 20 0.03 0 1 phttpget 2 1410.592
theguardian 228 3147398 20 0.015 2048 1 phttpget 4 4239.949
stackoverflow 24 600434 20 0.015 0 1 phttpget 1 1090.48
go 55 1877076 80 0.03 0 1 phttpget 4 16128.297
go 55 1877076 20 0.03 512 1 phttpget 2 4796.679
stackoverflow 24 600434 80 0.03 512 1 phttpget 4 5350.74
go 55 1877076 80 0 512 1 phttpget 3 2625.33
go 55 1877076 80 0.03 2048 1 phttpget 0 17523.631
go 55 1877076 194 0.03 0 1 phttpget 3 36774.009
theguardian 228 3147398 80 0.015 512 1 phttpget 3 21358.276
stackoverflow 24 600434 80 0.03 2048 1 phttpget 4 5830.618
theguardian 228 3147398 194 0 512 1 phttpget 2 9371.349
go 55 1877076 20 0 2048 1 phttpget 0 789.845
theguardian 228 3147398 20 0.03 0 1 phttpget 1 6357.677
theguardian 228 3147398 80 0.03 512 1 phttpget 0 26186.736
go 55 1877076 194 0.015 512 1 phttpget 0 22827.895
go 55 1877076 20 0.015 0 1 phttpget 3 2244.408
theguardian 228 3147398 80 0.03 512 1 phttpget 3 24019.851
theguardian 228 3147398 80 0 0 1 phttpget 3 3430.768
theguardian 228 3147398 80 0.015 512 1 phttpget 4 16580.459
go 55 1877076 80 0 2048 1 phttpget 1 3039.471
go 55 1877076 194 0.015 2048 1 phttpget 1 27051.365
go 55 1877076 20 0 0 1 phttpget 2 685.819
go 55 1877076 194 0 512 1 phttpget 4 7538.229
theguardian 228 3147398 194 0.03 2048 1 phttpget 3 61539.831
theguardian 228 3147398 80 0.015 2048 1 phttpget 4 19968.203
go 55 1877076 80 0.015 2048 1 phttpget 3 9863.398
theguardian 228 3147398 80 0.03 2048 1 phttpget 1 26831.578
stackoverflow 24 600434 20 0 512 1 phttpget 0 442.347
stackoverflow 24 600434 80 0.03 512 1 phttpget 0 4953.53
theguardian 228 3147398 80 0 512 1 phttpget 4 3895.465
stackoverflow 24 600434 20 0 512 1 phttpget 3 420.859
stackoverflow 24 600434 194 0.015 2048 1 phttpget 3 7182.171
go 55 1877076 20 0 0 1 phttpget 3 778.275
stackoverflow 24 600434 80 0 512 1 phttpget 0 1604.992
go 55 1877076 194 0.015 2048 1 phttpget 4 25136.575
stackoverflow 24 600434 80 0.015 512 1 phttpget 4 3841.797
theguardian 228 3147398 194 0.015 512 1 phttpget 4 43111.774
