x
3437.760000
4027.633000
2510.007000
5024.980000
405.315000
714.824000
5.506000
475.896000
6588.910000
234.849000
1480.568000
2657.108000
6474.670000
2047.735000
539.681000
6929.449000
1241.719000
477.990000
489.632000
2287.371000
3927.918000
4.614000
2343.648000
1846.339000
968.450000
1043.361000
582.867000
6953.880000
2475.562000
1048.320000
1240.946000
17.005000
314.351000
317.701000
669.121000
1482.145000
2021.928000
4623.234000
3521.096000
3971.050000
645.716000
981.463000
4376.597000
2782.112000
1715.128000
2044.500000
7392.745000
1787.681000
5033.779000
2796.301000
2031.667000
1993.627000
1936.530000
3201.106000
1331.377000
1946.542000
6674.302000
1636.611000
1576.170000
599.803000
407.200000
4801.389000
4876.814000
520.099000
160.653000
2344.250000
1662.121000
1194.031000
1529.299000
3366.815000
1303.003000
339.754000
5459.753000
1371.770000
2127.963000
1829.702000
9732.822000
1016.476000
762.581000
3128.145000
1501.300000
83842.894000
1038.877000
404.035000
2305.314000
45.136000
1415.970000
729.285000
437.091000
684.078000
1012.982000
943.805000
719.163000
850.402000
1027.853000
1392.798000
743.646000
783.901000
615.414000
975.773000
981.280000
808.267000
427.696000
917.493000
776.098000
1165.041000
284.010000
1189.161000
730.176000
718.429000
1069.619000
449.357000
1155.828000
5469.323000
12420.023000
1256.206000
231.247000
6415.741000
6880.659000
613.927000
3399.224000
4963.839000
1071.418000
1916.638000
1270.420000
2075.568000
543.100000
2358.362000
3461.470000
2887.246000
2033.564000
1472.488000
250.679000
3531.113000
12566.612000
8254.492000
2619.966000
2233.570000
3479.046000
791.152000
1356.243000
2531.804000
1004.216000
9247.499000
379.168000
7977.608000
2411.860000
5854.171000
3766.441000
8956.990000
1375.320000
6557.955000
944.256000
632.415000
1027.145000
1984.107000
1697.968000
2658.477000
1209.216000
1843.553000
2075.271000
1785.620000
9905.358000
2445.049000
695.374000
4093.122000
1832.837000
6134.781000
