1890.35
390.818
1083.86
3883.94
318.748
2949.67
53.9414
2184.99
2465.51
381.895
3307.37
682.309
337.731
283.458
740.606
0.607422
1275.23
754.109
928.752
37.1807
880.354
353.548
1877.2
2.21289
40.334
738.354
1824.01
914.325
2740.5
229.017
720.888
6812.72
3153.11
459.319
5125.84
5206.59
3366.46
5278.16
5840.93
5111.5
6105.76
5888.65
1071.02
446.409
213.287
4051.97
702.227
438.724
1560.69
827.087
159.75
5813.92
926.347
400.105
2286.9
3135.42
3258.62
3328.16
311.444
5586
1787.47
1293.18
721.21
403.735
26.9482
403.979
404.302
446.755
489.039
404.527
461.342
404.521
387.756
387.842
404.506
403.496
403.549
380.937
404.433
446.166
404.768
405.84
421.798
403.792
422.767
423.113
422.842
424.265
422.521
422.884
405.966
1251.29
2326.45
111.734
