906.274
175.052
2101.71
756.839
453.842
37.4668
0.0791016
22.3467
1460.46
7.37109
675.802
1048.28
2764.85
1833.08
244.723
816.338
678.555
1632.18
245.785
931.946
881.057
0.302734
77.0283
1546.16
434.078
83.5479
46.0996
1684.06
586.361
980.577
330.286
3.50684
54.416
108.761
898.424
1738.38
525.185
1802.84
4047.01
976.273
150.156
987.614
2356.29
1167.49
667.256
2657.11
1537.87
485.985
1428
963.79
1172.53
967.967
694.369
518.744
1053.59
935.158
2305.24
1879.93
1344.18
874.266
69.9111
1285.29
9.11133
464.343
51.2588
1179.35
1306.4
567.423
1419.67
1943.85
489.43
324.68
652.417
1820.44
1307.12
1498
1901.84
898.151
579.231
1776.66
1264.69
2696.96
1101.03
1017.33
565.472
10.8379
54.9482
531.286
20.6797
786.01
944.063
564.515
74.4014
71.7197
884.909
52.1357
846.486
51.9697
673.522
873.243
757.238
56.4609
117.525
51.3154
846.494
878.823
120.02
569.474
759.516
878.461
668.268
223.739
318.614
763.232
3059.54
330.071
191.029
1365.9
616.823
15.7051
2111.46
1287.88
22.7852
2069.36
2454.46
658.817
412.328
1080.83
954.73
468.257
2284.79
1169.69
288.262
2648.24
2778.8
3307.94
785.563
638.793
2153.94
690.386
272.764
1764.75
297.779
2113.23
33.6855
3073.63
87.3828
1642.95
3236.35
1732.5
2356.04
2390.03
903.836
173.085
128.861
2950.42
1661.26
729.519
3314.85
770.347
1236.59
309.745
3174.82
2035.9
719.216
1714.68
1480.6
2157.51
